0	0	0	0	0	0	0	0	0	0	0	0	0	0	0	0	0	0	0	0
0.46	0	0	0	0	0	0	0	0	0	0	0	0	0	0	0	0	0	0	0
0.54	-0.2	0	0	0	0	0	0	0	0	0	0	0	0	0	0	0	0	0	0
0.49	-0.01	0.06	0	0	0	0	0	0	0	0	0	0	0	0	0	0	0	0	0
0.57	0.01	0.03	-0.08	0	0	0	0	0	0	0	0	0	0	0	0	0	0	0	0
0.52	0.18	0.1	-0.01	-0.04	0	0	0	0	0	0	0	0	0	0	0	0	0	0	0
0.3	-0.29	0	0.02	0.08	0.11	0	0	0	0	0	0	0	0	0	0	0	0	0	0
0.64	-0.1	0.05	0.11	0.1	0.23	-0.04	0	0	0	0	0	0	0	0	0	0	0	0	0
0.51	0.15	0.17	0.05	0.13	0.08	0.07	0.09	0	0	0	0	0	0	0	0	0	0	0	0
0.68	0.46	0.62	0.62	0.65	0.51	0.24	0.2	0.18	0	0	0	0	0	0	0	0	0	0	0
0.67	0.28	0.41	0.3	0.4	0.36	0.37	0.13	0.1	0.1	0	0	0	0	0	0	0	0	0	0
0.69	0.53	0.44	0.59	0.6	0.55	0.38	0.14	0.18	0.14	-0.06	0	0	0	0	0	0	0	0	0
0.97	0.62	0.72	0.87	0.79	0.77	0.3	0.17	0.36	0.22	0.02	0.1	0	0	0	0	0	0	0	0
0.64	0.2	0.3	0.37	0.42	0.46	0.19	-0.12	0.24	0.24	-0.08	0.11	-0.1	0	0	0	0	0	0	0
0.91	0.77	0.75	0.71	0.89	0.89	0.3	-0.07	0.26	0.13	-0.14	-0.19	-0.24	-0.09	0	0	0	0	0	0
0.91	0.3	0.52	0.46	0.55	0.55	0	-0.25	0.3	0.36	-0.22	-0.19	-0.21	-0.19	0.05	0	0	0	0	0
0.65	0.28	0.39	0.66	0.67	0.7	0.08	0.09	0.47	0.5	0.16	0.26	0.29	0.31	-0.19	-0.16	0	0	0	0
0.93	0.38	0.42	0.41	0.43	0.47	-0.11	-0.03	0.3	0.18	-0.07	-0.01	-0.02	-0.26	-0.91	-1.04	0.14	0	0	0
0.83	0.31	0.33	0.32	0.37	0.33	-0.1	-0.46	0.11	0.03	-0.19	-0.15	-0.3	-0.46	-1.01	-1.28	0.23	0.24	0	0
0.53	0.16	0.25	0.39	0.35	0.31	-0.33	-0.23	0.2	0.13	0.04	0.14	0.18	-0.08	0.14	0.07	0.15	-0.05	-0.04	0
