            1
 0.334 0.158 0.260 0.759 3.592 1.395 0.158 0.296 0.414 0.759 0.334 0.648 0.334
 0.702 0.158-1.655 0.820 1.027 0.953 1.395 0.702 0.648 0.820 1.027 1.646 0.702
 0.066-1.071-2.650 0.037 0.548 1.027 0.648 0.066-0.378-0.071 1.513 1.646 0.066
-0.169-0.839-0.627 0.953 2.494 1.194 0.953 0.009-0.340 0.457-0.019 0.225-0.169
-0.582-1.364-0.236 0.548 1.513 1.800 1.800 0.260-1.601-1.033-0.725 0.225-0.582
-0.397-0.885 1.513 1.395 1.646 1.983 1.194 0.009-1.567-1.179 0.191 0.648-0.397
 0.414 0.457 1.395 1.290 1.983 1.290-0.215-0.567-0.642 0.158 1.027 1.395 0.414
 0.820 0.191 0.648 0.953 0.334 0.158-0.415-0.192 0.126 1.107 1.513 0.884 0.820
 0.820 0.414 0.648 0.037-0.169-0.359-0.300-0.045-0.121 0.414 1.395 0.820 0.820
 0.225 0.296 0.225-0.320-0.468-0.019 0.037 0.260-0.236-0.146 0.066 0.414 0.225
 0.296 0.702 0.126-0.258-0.300 0.126 0.296-0.236-0.019 0.037 0.158 0.702 0.296
 0.225-0.045 0.158 0.066 1.290 1.027 0.702 0.191 0.191 0.158 0.009 0.548 0.225
 0.334 0.158 0.260 0.759 3.592 1.395 0.158 0.296 0.414 0.759 0.334 0.648 0.334
            2
 2.248 1.437 0.801 1.437 1.332 1.555 1.332 1.070 0.690 1.437 1.332 2.536 2.248
 1.689-0.297-2.562 0.339 0.544 0.801 0.416 0.108 0.744 0.377 0.862 2.248 1.689
 1.237-1.829-3.848-0.257-0.237 0.339 0.051-0.492-0.887-0.599 0.590 2.248 1.237
 1.689 0.457-0.854 0.457 1.843 2.248 1.237 0.690 0.996 1.437 2.025 2.025 1.689
 2.942 1.843-0.054 2.536 1.332 0.862 1.689 1.070 0.690 1.689 2.248 2.536 2.942
 1.437 1.150 1.332 0.996 1.689 1.070 0.690 0.377 0.690 1.332 2.248 2.536 1.437
 1.070 0.639 0.927 0.927 0.744 0.639-0.683-0.950-0.599 0.201 1.332 1.843 1.070
 0.233 0.457 0.339 0.201-0.079-0.194-1.084-1.210-0.460-0.317 0.862 1.689 0.233
 1.150 0.108-0.476 0.201-0.127-0.373-0.669-0.391-0.257 0.024 0.639 1.332 1.150
 1.237 0.690 0.051 0.590 0.169 0.302 0.267 0.639 0.267 0.544 1.437 1.437 1.237
 2.025 2.248 1.689 1.843 2.248 1.150 1.237 1.555 2.248 2.025 2.536 2.025 2.025
 2.942 2.025 2.248 6.000 2.025 2.248 0.862 1.070 3.635 2.536 2.536 3.635 2.942
 2.248 1.437 0.801 1.437 1.332 1.555 1.332 1.070 0.690 1.437 1.332 2.536 2.248
            3
 2.310 1.211 1.010 2.310 2.022 1.010-0.305 1.329 1.616 1.616 2.715 2.022 2.310
 1.329-0.766-1.739 1.329 1.329 0.769 0.076 0.636 0.769 1.106 1.329 2.310 1.329
 1.211-2.187-3.063 0.041 0.843 0.273-0.229-0.463-0.735 0.112 1.799 6.000 1.211
 2.715 0.189 0.189 1.799 1.799 1.616 0.464 0.575 1.329 1.799 2.715 6.000 2.715
 2.715 0.700 0.923 1.616 2.715 1.462 0.700 1.211 1.616 3.408 3.408 6.000 2.715
 1.799 0.923 1.010 1.211 1.211 1.211-0.058-0.782 0.575 1.106 3.408 2.715 1.799
 1.616 0.575 0.412 0.112 0.464 0.189-1.890-2.302-1.156 0.230 1.616 1.616 1.616
 1.106 0.112 0.518 0.007-0.203-0.330-2.153-2.328-0.811 0.464 1.329 2.715 1.106
 1.106 0.317 0.230-0.118-0.229-0.484-1.555-1.135-0.399 0.575 2.022 2.022 1.106
 2.022 0.923 0.636 1.329 0.230 0.273-0.399 0.412 0.464 1.462 1.462 6.000 2.022
 3.408 1.799 2.715 6.000 6.000 1.462 0.700 1.106 2.022 3.408 3.408 6.000 3.408
 3.408 3.408 1.799 1.799 3.408 6.000 0.364 1.106 3.408 6.000 3.408 6.000 3.408
 2.310 1.211 1.010 2.310 2.022 1.010-0.305 1.329 1.616 1.616 2.715 2.022 2.310
            4
 6.000 1.376 1.088 3.168 1.782 1.376-0.128 0.971 1.376 1.558 2.069 3.168 6.000
 3.168-0.639-2.031 0.971 1.222 1.558 0.223 0.683 0.971 0.770 2.069 2.069 3.168
 2.475-2.304-3.262-0.199 0.683 0.971 0.278-0.470-0.387-0.051 1.558 1.782 2.475
 2.069 0.172 0.223 1.558 1.782 1.558 1.782 1.088 0.865 1.782 2.475 2.475 2.069
 2.475 0.971 2.069 3.168 2.475 1.558 0.460 1.376 1.558 2.475 6.000 3.168 2.475
 3.168 1.222 1.088 1.088 2.475 0.865-0.329-0.661 0.529 1.782 6.000 6.000 3.168
 1.376 1.088 0.335-0.199 0.770 0.172-1.767-1.985-1.275-0.164 2.475 6.000 1.376
 0.971-0.051 0.603 0.529-0.164-0.051-1.956-2.373-1.437 0.172 1.376 1.782 0.971
 1.558 0.223 0.223 0.032-0.051-0.199-1.214-1.189-0.764 0.223 0.529 2.475 1.558
 3.168 0.971 1.558 0.770 1.088 0.683 0.032 0.335 0.603 1.088 1.782 3.168 3.168
 1.782 6.000 3.168 2.475 2.069 2.475 1.376 3.168 2.069 3.168 6.000 6.000 1.782
 6.000 2.475 2.475 2.069 6.000 2.475-0.128 1.088 1.782 6.000 6.000 2.069 6.000
 6.000 1.376 1.088 3.168 1.782 1.376-0.128 0.971 1.376 1.558 2.069 3.168 6.000
            5
 6.000 1.094 1.094 2.886 1.499 2.886 0.443 1.014 1.382 1.499 2.886 2.886 6.000
 2.480-0.446-2.265 0.746 0.401 1.094 0.488 0.871 0.940 1.382 2.193 2.480 2.480
 1.633-2.226-3.551-0.292 0.534 0.443 0.082-0.464-0.515 0.283 2.193 3.579 1.633
 1.633 0.024-0.712 0.806 1.787 1.787 0.689 0.634 1.633 2.193 3.579 2.480 1.633
 2.886 1.181-0.085 1.787 1.633 1.969 1.014 0.583 0.689 2.886 6.000 2.193 2.886
 2.193 0.689 1.276 1.094 1.499 2.193 0.443-0.548 0.247 1.276 2.886 3.579 2.193
 1.181 0.488 0.689 0.212 0.401 0.806-1.281-1.931-1.085 0.053 2.886 1.969 1.181
 0.806 0.113 0.145 0.321-0.059-0.085-1.452-1.898-1.149 0.212 1.014 1.499 0.806
 1.499-0.182-0.725-0.085-0.353-0.205-0.580-0.739-0.684 0.212 1.181 1.382 1.499
 1.969 1.382 0.212 0.401 0.871 0.534 0.534 0.583 0.583 0.746 2.193 3.579 1.969
 2.886 2.193 2.193 3.579 3.579 1.969 0.940 2.480 1.787 2.886 3.579 1.969 2.886
 6.000 6.000 2.480 2.886 2.193 1.969 0.746 1.382 1.969 6.000 6.000 6.000 6.000
 6.000 1.094 1.094 2.886 1.499 2.886 0.443 1.014 1.382 1.499 2.886 2.886 6.000
            6
 2.211 1.007 0.824 1.363 1.007 1.230 0.537 0.051 0.314 1.007 1.230 1.923 2.211
 1.700-0.428-1.867 0.051 0.174 1.363 0.314-0.246 0.218 0.365 0.824 1.700 1.700
 0.911-1.409-3.079-0.768 0.014 0.419-0.023-0.818-1.008-0.519 0.601 1.007 0.911
 1.112 0.265-1.008 0.824 1.230 1.230 0.051 0.131 0.218 0.911 1.700 0.744 1.112
 1.518 0.419-0.302 1.518 1.700 3.309 0.476 0.419 0.670 1.518 1.923 1.700 1.518
 1.230 1.112 0.601 1.700 1.230 0.824 0.537 0.265-0.023 0.537 0.601 2.211 1.230
 0.314 0.174 0.601 0.365 0.174-0.023-1.245-1.060-0.734 0.218 1.007 1.923 0.314
 0.419-0.058-0.274-0.092-0.156-0.246-1.325-1.296-0.939 0.091 1.518 1.112 0.419
 0.218-0.519-0.642 0.091-0.246-0.497-0.452-0.895-1.286-0.603 1.112 0.601 0.218
 0.051 0.601-0.058 0.419 0.051 0.314-0.023-0.328-0.475 0.670 2.211 1.007 0.051
 1.112 1.230 1.923 1.923 1.230 0.419 0.476 0.824 0.911 1.007 2.211 1.112 1.112
 3.309 1.363 1.923 2.211 6.000 1.700 0.911 1.700 1.923 1.923 3.309 1.923 3.309
 2.211 1.007 0.824 1.363 1.007 1.230 0.537 0.051 0.314 1.007 1.230 1.923 2.211
            7
 3.285 0.452 0.577 1.675 1.898 0.982 0.340 0.800 0.800 1.493 2.186 2.186 3.285
 1.675-0.758-1.952 1.087 0.720 0.512-0.271-0.299 0.452 0.800 2.186 1.675 1.675
 1.339-1.765-2.914-0.326 0.512 0.194-0.565-0.453-0.083 0.289 1.898 1.898 1.339
 1.493-0.242-0.565 0.646 1.339 0.887 0.066 0.027 1.205 2.592 1.898 1.675 1.493
 2.592 0.512-0.379 1.675 1.675 1.205 0.452 0.289 1.675 1.493 1.675 3.285 2.592
 1.675 0.646 0.720 1.675 1.898 0.800-0.011 0.340 0.646 1.675 1.675 2.186 1.675
 1.898 0.887 0.452 0.512 0.887 0.452-1.397-1.628-1.019 0.340 1.087 0.720 1.898
 0.887-0.271-0.181-0.453 0.027-0.353-1.598-1.827-1.170-0.116 0.800 0.646 0.887
 1.087-0.920-0.476-0.522-0.379-0.429-1.237-1.097-1.290-0.149 0.982 0.982 1.087
 1.087 0.340 0.149 0.289-0.047 0.107-0.586-0.686-0.741 0.340 1.898 1.675 1.087
 2.186 1.205 1.898 1.898 1.087 0.982 1.087 0.646 1.898 6.000 3.285 2.592 2.186
 3.285 3.285 2.186 3.285 3.285 2.592 1.339 1.898 2.592 3.285 6.000 6.000 3.285
 3.285 0.452 0.577 1.675 1.898 0.982 0.340 0.800 0.800 1.493 2.186 2.186 3.285
            8
 2.592 1.493 0.512 1.675 0.800 1.898 1.087-0.116 0.340 1.087 1.493 1.898 2.592
 2.186-0.723-2.175 0.512 0.577 1.087-0.083-0.299 0.027 0.340 1.339 2.592 2.186
 0.982-1.575-3.214-0.271 0.646 0.577 0.240-0.299-1.097-0.476 0.887 1.087 0.982
 0.646-0.083-0.964 0.577 3.285 1.339 0.646 1.087 0.720 1.898 1.898 0.452 0.646
 0.512-0.116-0.741 1.087 1.493 1.339 0.646 0.646 0.646 0.720 1.898 1.493 0.512
 0.512 0.066-0.047 0.394 0.887 0.887 0.982 0.452 0.107 0.646 1.205 1.339 0.512
-0.271-0.011 0.240-0.379 0.194 0.452-0.565-1.567-0.905 0.066 0.800 1.675-0.271
 0.512 0.340-0.212-0.429-0.565-0.116-0.686-1.059-0.992-0.181 1.205 1.339 0.512
 0.289 0.340-0.758 0.577-0.453-0.011 0.512-0.047-0.326-0.353 0.512 2.186 0.289
 0.452 0.340-0.522 0.800 0.394 0.512 0.194-0.522-0.353-0.011 1.339 2.592 0.452
 0.577 1.493 1.898 1.493 1.675 0.720 0.982 0.887 0.512 1.493 6.000 0.720 0.577
 2.592 2.186 2.186 2.186 1.493 1.675 1.087 0.720 1.898 2.592 2.186 1.493 2.592
 2.592 1.493 0.512 1.675 0.800 1.898 1.087-0.116 0.340 1.087 1.493 1.898 2.592
            9
 2.316 0.176 1.400 1.064 2.316 1.400 1.400 0.612 0.612 1.623 2.316 3.010 2.316
 1.064-0.704-1.770 0.065 1.064 1.064 0.445 0.370 0.707 0.525 0.707 1.911 1.064
 0.370-1.691-3.082-0.209 1.064 1.064 0.014-0.286-0.286-0.169 1.623 1.400 0.370
 0.301-0.487-0.998 0.445 1.623 0.930 0.525 0.119 0.525 1.218 1.623 0.445 0.301
-0.169-0.728-0.961 0.445 2.316 0.930 0.812 0.612-0.574 1.218 0.707 1.064-0.169
 0.014-0.358-0.126 1.623 1.064 1.064 0.445 0.014-1.068 0.930 1.911 0.930 0.014
-0.035-0.456 0.119 0.525 0.707 0.237-0.546-1.433-1.051-0.035 0.707 1.623-0.035
 0.370-0.323-0.249-0.082-0.082-0.035-0.819-0.998-1.051-0.517 0.930 0.930 0.370
 0.612-0.546-0.679-0.126 0.176-0.323-0.286 0.065-0.082 0.119 1.623 1.911 0.612
 0.119 0.812-0.424 0.930 0.445 0.707 0.176-0.819-0.392 0.525 2.316 2.316 0.119
 0.237 0.370 1.911 1.911 0.707 0.812 0.812 1.064 0.445 1.400 1.218 0.445 0.237
 1.400 1.400 6.000 3.010 2.316 2.316 1.911 1.623 3.010 2.316 1.400 0.525 1.400
 2.316 0.176 1.400 1.064 2.316 1.400 1.400 0.612 0.612 1.623 2.316 3.010 2.316
           10
 1.886 1.075 0.633 1.326 0.633 1.886 0.633 1.075 1.480 1.075 0.787 2.174 1.886
 1.886-1.122-2.574 0.382 0.328 0.707 0.874 0.094 0.094-0.162 1.075 1.193 1.886
 0.564-2.217-3.638-0.466 0.094 0.970-0.060-0.599-1.097-0.902 0.787 1.326 0.564
 1.886-0.162-0.902 0.707 1.326 1.663 1.480 0.787 0.970 1.886 1.886 1.480 1.886
 2.174 0.382-0.365 1.886 2.174 2.579 0.970 1.075 1.075 1.663 1.886 3.272 2.174
 2.579 0.633 1.075 2.174 2.579 1.886 1.075 0.633 0.228 1.326 1.663 6.000 2.579
 0.707-0.060 0.970 1.193 0.439 1.663-0.512-1.228-0.735 0.439 1.326 2.174 0.707
 1.075 0.328 0.328 0.014 0.500 0.181-0.976-1.110-0.620 0.633 1.663 2.174 1.075
 1.075-0.129-0.365 0.439 0.137 0.137-0.391-0.283 0.014-0.129 0.874 1.193 1.075
 1.480 0.276 0.382 0.328 1.075 0.787 0.970 0.228 0.564 0.787 2.174 6.000 1.480
 1.480 2.174 1.886 2.579 2.579 1.663 0.874 1.663 1.193 1.326 3.272 1.663 1.480
 6.000 2.579 1.663 2.579 1.663 6.000 1.075 1.326 2.579 1.663 2.579 1.480 6.000
 1.886 1.075 0.633 1.326 0.633 1.886 0.633 1.075 1.480 1.075 0.787 2.174 1.886
           11
 2.751 1.652 0.553 2.058 0.805 0.959 1.364 1.364 1.652 0.959 1.652 1.652 2.751
 1.652-0.860-2.426 0.553 0.266 0.805 0.448 0.266 0.671 0.353 1.364 0.959 1.652
 0.805-2.012-3.535-0.582 0.043 0.671-0.245-0.194-0.651-0.245 2.058 2.058 0.805
 2.058-0.083-0.938 0.448 0.553 2.751 2.058 0.805 1.141 2.058 2.058 1.652 2.058
 2.058 0.805-0.468 2.058 1.652 0.959 1.141 1.141 1.364 1.141 2.751 6.000 2.058
 1.141 0.671 0.553 2.751 1.652 0.959 0.266 0.186-0.140 0.553 6.000 1.652 1.141
 0.353 0.186 0.553 0.553 0.186 2.751-0.746-1.344-0.715 0.112 2.058 2.751 0.353
 0.671 1.141 0.671-0.140-0.245 0.448-0.987-1.512-0.683 0.553 0.671 1.364 0.671
 1.364-0.022-0.913-0.468-0.617-0.805-0.683-0.245-0.507 0.112 1.141 2.058 1.364
 1.364 0.959-0.022 2.058 0.671-0.140 0.112 0.353 1.141 0.448 6.000 2.751 1.364
 1.364 1.364 2.751 1.364 1.652 1.652 0.959 0.671 2.058 1.652 6.000 1.141 1.364
 2.058 2.058 2.751 1.652 2.751 1.141 0.671 0.959 1.364 2.751 2.751 6.000 2.058
 2.751 1.652 0.553 2.058 0.805 0.959 1.364 1.364 1.652 0.959 1.652 1.652 2.751
           12
 6.000 0.575 0.575 1.203 0.798 1.086 0.450 0.192 0.718 0.510 1.337 2.184 6.000
 1.897-1.074-2.431 0.147 0.338 0.575-0.301-0.243 0.064 0.287 1.337 2.590 1.897
 0.644-1.932-3.382-0.214 0.238 0.450-0.272-0.742-1.008-0.501 1.086 2.590 0.644
 1.897 0.338-0.876 0.885 1.897 1.203 0.885 0.718 0.718 1.897 2.184 2.590 1.897
 2.590 0.338-0.355 2.184 1.491 1.673 0.718 0.510-0.049 1.673 1.337 2.590 2.590
 1.897 1.086 1.086 1.897 0.980 0.980 0.575-0.183-0.183 1.203 1.086 3.283 1.897
 0.798 0.338 1.086 0.798 0.980 1.491-0.588-1.008-0.922 0.885 1.897 1.897 0.798
 0.575 0.510 0.147 0.105-0.355-0.118-1.061-1.553-0.891-0.049 1.203 1.337 0.575
 1.673 0.192-0.381-0.243-0.649-0.183-0.328-0.937-0.649-0.049 1.086 1.203 1.673
 1.337 0.644 0.105 0.718 0.238 0.798 0.644-0.118-0.084 0.238 3.283 2.184 1.337
 1.337 1.897 1.337 1.491 1.897 1.897 0.885 1.897 1.673 1.673 3.283 3.283 1.337
 2.590 2.184 0.798 2.590 2.184 2.590 1.337 0.644 1.897 2.184 2.590 2.590 2.590
 6.000 0.575 0.575 1.203 0.798 1.086 0.450 0.192 0.718 0.510 1.337 2.184 6.000
           13
 2.942 0.996 0.639 0.996 1.150 1.556-0.149 1.150 0.639 2.942 2.249 1.556 2.942
 6.000-1.136-2.505 0.745 0.544 1.332 0.377-0.003 0.377 0.457 2.249 6.000 6.000
 2.942-2.035-3.504-0.669 0.457 1.150-0.390-0.642-1.028-0.103 1.843 1.556 2.942
 1.556 0.544-0.696 0.544 6.000 2.942 1.150 0.639 0.862 2.942 1.843 6.000 1.556
 1.332 0.862-0.003 1.843 1.843 2.249 0.544 0.639 0.544 1.332 2.249 1.843 1.332
 1.556 1.556 1.332 0.996 1.843 1.332 0.544-0.103 0.377 1.556 2.249 1.843 1.556
 1.556 0.303 0.862 0.377 0.169 0.234-0.865-1.389-0.613 0.234 2.249 1.556 1.556
-0.149 0.544 0.544 0.377 0.109-0.003-1.185-1.349-1.028-0.194 1.556 1.843-0.149
 0.996-0.149-0.722-0.003-0.194-0.390-1.009-0.555-0.772 0.457 0.862 1.843 0.996
 1.843 0.862 0.457 0.303 0.377 0.862 0.745-0.103 0.862 0.745 1.556 1.556 1.843
 0.996 2.942 1.843 2.249 1.332 1.556 0.234 0.862 0.996 6.000 2.942 2.249 0.996
 2.942 2.249 2.249 6.000 1.843 2.942 1.556 1.556 2.942 1.150 6.000 1.556 2.942
 2.942 0.996 0.639 0.996 1.150 1.556-0.149 1.150 0.639 2.942 2.249 1.556 2.942
           14
 6.000 2.027 1.334 2.027 6.000 2.027 1.334 0.928 6.000 6.000 2.027 2.027 6.000
 1.334-0.053-1.611 0.641 2.027 6.000 0.928 1.334 0.928 1.334 1.334 2.027 1.334
 0.417-1.584-3.010 0.081 0.081 0.235 2.027 0.235-0.170-0.538 2.027 0.641 0.417
 0.928-0.053-0.053 2.027 2.027 0.928 0.641 1.334 0.417 6.000 6.000 2.027 0.928
 2.027 0.235-0.170 6.000 0.641 0.081 0.641 0.081 0.641 1.334 6.000 2.027 2.027
 1.334 0.928 0.928 2.027 1.334 2.027-0.053-0.612 0.235 2.027 6.000 0.417 1.334
 0.641 0.417-0.170 0.235-0.170-0.681-1.823-1.757-0.864-0.681 1.334 1.334 0.641
 0.641 1.334 0.417-0.746-0.458-0.681-1.943-1.962-1.231-0.371-0.053 2.027 0.641
-0.806-0.053-0.371 0.081-0.371-0.681-1.374-0.918-0.969-0.053 2.027 2.027-0.806
 2.027 1.334 0.417 0.235 0.417-0.371-0.538 0.081-0.170 0.235 6.000 0.928 2.027
 1.334 6.000 6.000 1.334 2.027 0.928 0.081 0.641 2.027 2.027 6.000 1.334 1.334
 2.027 1.334 2.027 2.027 1.334 6.000 0.235 1.334 2.027 6.000 6.000 6.000 2.027
 6.000 2.027 1.334 2.027 6.000 2.027 1.334 0.928 6.000 6.000 2.027 2.027 6.000
           15
 6.000 6.000 2.203 2.203 1.105 2.203 2.203 2.203 1.510 2.203 6.000 6.000 6.000
 6.000-0.687-2.307 0.257 2.203 1.510 0.412 0.412 0.594 1.510 6.000 6.000 6.000
 2.203-2.001-3.683-0.505 0.412-0.099-0.099-0.362-0.099 0.124 1.105 2.203 2.203
 1.510 0.124-0.436 0.817 1.105 0.594 0.817 2.203 1.105 6.000 2.203 6.000 1.510
 6.000 0.594-0.436 0.817 2.203 1.510 0.594 1.510 0.594 1.105 6.000 2.203 6.000
 0.594 1.510 1.105 1.105 1.105 1.510-0.436-0.195 0.412 1.105 6.000 6.000 0.594
 0.412 0.594 0.257 0.257 1.510-0.099-1.231-1.767-0.841 0.124 0.817 2.203 0.412
 1.510 0.817 0.412-0.195 0.594-0.932-1.510-1.709-0.362 0.817 2.203 1.105 1.510
 0.817 0.006-0.362 0.006 0.594-0.505-0.741-0.687 0.257 0.257 2.203 6.000 0.817
 1.510 2.203-0.569 0.817 1.510 0.006-0.195 0.594 0.257 0.412 2.203 2.203 1.510
 6.000 2.203 2.203 6.000 1.510 1.105 0.594 2.203 2.203 6.000 2.203 6.000 6.000
 6.000 6.000 6.000 2.203 2.203 1.510 2.203 6.000 2.203 6.000 6.000 2.203 6.000
 6.000 6.000 2.203 2.203 1.105 2.203 2.203 2.203 1.510 2.203 6.000 6.000 6.000
           16
 2.881 1.495 2.188 2.881 1.782 1.089 1.089 1.089 1.495 6.000 6.000 6.000 2.881
 1.089-0.833-2.231 0.935 1.089 0.935 1.272 1.272 0.396 0.578 2.188 2.188 1.089
 0.396-2.024-3.282-0.115 0.684 0.935 0.048 0.242-0.297-0.063 1.782 1.495 0.396
 1.782-0.210-0.674 0.935 2.188 1.495 0.802 0.802 1.272 2.188 1.782 2.188 1.782
 2.188-0.415-0.451 1.782 2.881 1.272 0.578 0.802 0.684 2.881 2.881 1.495 2.188
 2.188 0.396 0.578 0.578 0.802 0.935-0.297-0.254 1.495 1.089 1.272 6.000 2.188
 1.495-0.415-0.063-0.063 0.316 0.242-1.488-1.810-0.782-0.115 1.089 1.089 1.495
 0.316-0.415-0.210 0.048-0.009-0.451-1.744-1.898-1.031-0.115 2.881 6.000 0.316
 0.935-0.115-0.377-0.009 0.173-0.833-1.396-1.070-0.254 0.684 1.272 1.782 0.935
 2.881 0.396 0.173 1.495 1.089 0.242-0.210 0.483 0.802 1.782 1.272 2.881 2.881
 2.188 1.089 1.782 2.188 1.782 1.495 1.272 2.188 2.881 2.881 6.000 2.188 2.188
 2.881 6.000 2.188 6.000 6.000 1.782 1.272 1.272 2.188 2.188 6.000 6.000 2.881
 2.881 1.495 2.188 2.881 1.782 1.089 1.089 1.089 1.495 6.000 6.000 6.000 2.881
           17
 6.000 1.422 1.422 2.808 0.729 0.729 0.243 0.862 1.199 1.710 2.808 2.115 6.000
 1.422-0.976-2.067 0.323 1.199 0.862 0.411 0.862 0.411 0.323 1.710 2.115 1.422
 0.729-1.855-2.997-0.410-0.082 0.243 0.243 0.169-0.559 0.100 1.422 1.199 0.729
 1.710-0.327-0.187 0.862 2.115 2.115 1.017 2.115 1.017 2.115 1.422 6.000 1.710
 1.710-0.136-0.236 2.115 6.000 1.422 0.611 1.422 1.422 1.017 1.017 1.422 1.710
 0.611-0.025-0.082 1.017 0.411 1.422-0.187-0.187 0.243 0.729 1.199 6.000 0.611
 0.611-0.559 0.169 0.323 0.323-0.187-1.440-1.787-0.775 0.411 1.017 1.017 0.611
 1.422-0.327-0.082-0.187 0.243-0.450-2.082-1.937-0.953 0.036 1.017 1.017 1.422
 0.729-0.747-0.025 0.100-0.283-0.593-1.302-0.929-0.025-0.025 1.199 0.862 0.729
 1.199-0.136-0.025 2.115 1.199 0.243-0.370 0.036 0.506 1.710 1.422 1.422 1.199
 0.729 2.808 2.808 6.000 2.808 1.017 1.710 2.808 1.710 6.000 2.808 2.115 0.729
 2.115 2.808 2.808 1.710 2.808 1.199 0.411 0.729 1.199 6.000 2.808 2.808 2.115
 6.000 1.422 1.422 2.808 0.729 0.729 0.243 0.862 1.199 1.710 2.808 2.115 6.000
           18
 6.000 1.170 1.170 6.000 0.765 1.863 1.170 1.170 6.000 6.000 6.000 6.000 6.000
 1.863-0.776-2.008 1.863 0.765 0.765 0.254 6.000 0.254 1.863 6.000 6.000 1.863
 1.863-2.280-3.373-0.845 0.254 0.071-0.702-0.216-0.216 0.071 6.000 1.863 1.863
 1.170 0.071-0.909 6.000 1.863 0.477 0.254 1.170 0.765 1.170 1.863 6.000 1.170
 1.863 0.477-0.216 6.000 1.863 1.170 0.254 6.000 0.071 0.765 0.765 6.000 1.863
 6.000 1.170 0.765 0.765 6.000 1.863 0.477 0.477 0.254 1.170 1.863 6.000 6.000
 6.000 0.477-0.439-0.083-0.216-0.334-1.228-1.850-1.081-0.776 0.765 1.170 6.000
 0.765 0.254-0.334-0.216-0.535-0.334-1.921-1.633-1.228 0.071 0.765 6.000 0.765
 1.170 0.765 1.863 1.863-0.622-0.216-0.535-0.970-0.702 1.170 0.477 1.863 1.170
 6.000 1.170 0.071-0.216 1.863-0.216 0.254 0.477 1.863 1.170 1.863 6.000 6.000
 1.863 6.000 6.000 6.000 1.863 6.000 1.170 1.170 6.000 6.000 6.000 1.170 1.863
 1.863 6.000 1.170 1.863 1.863 6.000 6.000 6.000 0.765 6.000 6.000 6.000 1.863
 6.000 1.170 1.170 6.000 0.765 1.863 1.170 1.170 6.000 6.000 6.000 6.000 6.000
           19
 6.000 1.588 0.672 2.282 1.183 1.588 0.490 2.282 0.895 2.282 1.183 6.000 6.000
 2.282-0.897-2.173 0.084 0.672 0.895 0.672 0.672 1.183 0.895 1.183 2.282 2.282
 2.282-1.846-3.089-0.203 0.490 1.183 0.490-0.203-0.491-0.116 0.202 6.000 2.282
 0.672-0.427-1.086 0.336 1.588 1.588 0.672 0.895 0.202 0.672 6.000 1.588 0.672
 0.895-0.491-0.609 1.588 1.183 1.588 1.183 0.084 0.336 1.588 6.000 2.282 0.895
 0.895-0.609 0.202 1.183 1.183 1.588 0.672 0.202-0.203 0.336 6.000 1.183 0.895
 1.588-0.714-0.283 0.895 1.183 0.202-1.184-1.599-0.897 0.336 6.000 2.282 1.588
 0.490 0.490-0.763 0.202-0.116-0.021-1.407-1.456-0.897 0.084 1.183 1.183 0.490
 0.336-0.897-0.283-0.491-0.491-0.854-0.897-0.854-0.609-0.714 1.183 0.895 0.336
 0.895 0.336 0.336 1.183 0.895 0.202 0.202 0.895-0.116 0.672 1.183 2.282 0.895
 1.588 0.895 2.282 2.282 2.282 0.336 1.183 1.588 0.490 2.282 6.000 0.672 1.588
 2.282 1.183 1.588 6.000 6.000 1.588 0.336 1.183 2.282 0.895 2.282 2.282 2.282
 6.000 1.588 0.672 2.282 1.183 1.588 0.490 2.282 0.895 2.282 1.183 6.000 6.000
           20
 1.898 2.304 1.898 6.000 6.000 2.304 0.512-0.094-0.181-0.222 0.224 2.997 1.898
 1.205 0.512-0.404 1.898 6.000 0.800-0.469-0.853-0.853-0.974-0.404 1.610 1.205
 0.800-1.266-1.916 6.000 2.304-0.741-1.886-2.034-1.987-1.162 0.224 1.387 0.800
 1.898 1.205 1.205 2.304 6.000 1.387-0.094-0.404-0.500 0.800 1.205 6.000 1.898
 1.898 0.599 2.304 6.000 1.898 1.898 1.898 0.224 0.358 2.304 2.304 1.610 1.898
 2.304 1.205 0.800 2.997 6.000 2.997 0.599 0.289-0.299 0.052 1.610 2.304 2.304
 1.898 0.106 0.694 2.997 1.898 1.898 0.289-0.895-1.525-0.787 0.512 1.205 1.898
 1.898 0.358 0.512 1.610 2.304 2.997-0.261-1.146-1.799-1.695-0.261 0.917 1.898
 1.205 0.358 1.610 1.205 2.997 1.898-0.299-0.974-2.066-1.824-0.469 0.800 1.205
 1.387 0.694 2.997 6.000 6.000 1.051 0.052-0.559-1.525-1.446-0.299 1.610 1.387
 2.997 6.000 2.997 2.997 6.000 2.997 1.898 0.432-0.048 0.800 2.997 2.304 2.997
 2.997 2.997 2.997 6.000 6.000 6.000 2.997 0.917 0.800 6.000 2.997 6.000 2.997
 1.898 2.304 1.898 6.000 6.000 2.304 0.512-0.094-0.181-0.222 0.224 2.997 1.898
