            1
 6.000 3.780 2.681 2.681 6.000 6.000 3.780 6.000 3.780 3.086 3.086 6.000 6.000
 1.988 1.834 0.253 0.889 3.086 3.086 2.681 1.700 0.735 1.700 1.834 1.700 1.988
-0.902-1.591-2.514 0.346 0.889 1.215 0.644-0.602-1.852-0.627-0.675 0.346-0.902
-0.865-1.654-1.344 0.447 0.644 0.946 0.561-0.246-1.572-1.473-0.469-0.112-0.865
 0.644 0.066 0.412 0.522 0.946 0.689 0.116-0.071-0.281-0.315-0.112 0.522 0.644
 0.224 0.346 0.946 0.224 0.253 0.224 0.091-0.865-0.627 0.224 0.644 0.689 0.224
-0.049-0.191 0.196-0.246-0.209 0.378-0.627-0.815-0.538-0.005 1.007 0.835-0.049
 0.314-0.112-0.049-0.281-0.228-0.454-0.639 0.412 0.283-0.172 0.142 0.314 0.314
 0.484 0.889 0.602 0.018 0.142 0.018 0.561 1.582 1.834 0.784 0.522 0.561 0.484
 3.780 3.780 3.086 3.086 2.393 3.780 3.086 6.000 3.780 6.000 2.170 3.780 3.780
            2
 6.000 6.000 3.051 3.051 2.646 6.000 3.744 6.000 6.000 6.000 6.000 6.000 6.000
 2.646 1.952-0.778 0.748 2.358 2.646 3.051 1.179 1.798 3.051 1.952 3.744 2.646
 1.259-1.432-3.751-0.148 0.081 0.854 0.248-0.613-0.881-0.600 0.748 1.547 1.259
 0.972-1.146-1.956 0.412 0.189 0.133 0.133-0.245-0.281 0.310 1.105 2.135 0.972
 1.442 0.343 1.442 0.653-0.040-0.040 0.055-0.587-0.475-0.460 0.748 2.646 1.442
 1.179 1.346 1.036 0.189-0.316-0.106-0.532-1.146-0.756-0.299 0.310 1.665 1.179
 1.179 0.972 1.036 0.107 0.525 0.377-1.052-0.698 0.248 0.800 1.442 2.135 1.179
 0.248 0.854 0.911 1.665 0.911 0.055-0.650 0.653 1.665 1.952 1.798 1.036 0.248
 2.135 1.952 3.744 2.646 1.798 1.259 1.952 3.744 2.358 3.051 2.646 1.798 2.135
 6.000 6.000 3.744 3.744 6.000 6.000 6.000 3.744 3.744 3.744 3.744 6.000 6.000
            3
 6.000 6.000 3.519 6.000 6.000 6.000 3.519 3.519 6.000 6.000 6.000 6.000 6.000
 6.000 1.035 0.085 1.574 2.826 2.133 3.519 2.133 1.440 2.421 6.000 3.519 6.000
 2.133-1.743-3.016 0.880 1.574 0.575-0.194-0.287-0.451 0.524 2.133 2.826 2.133
 1.910-1.464-1.115 0.187 0.575 0.341-0.771-0.969-0.287 0.341 1.728 2.421 1.910
 1.035-0.242 0.686 0.224-0.287-0.118-1.034-1.722-0.911 0.085 1.322 3.519 1.035
 1.728 0.686 0.384-0.091-0.064-0.265-1.804-2.236-0.875 0.301 0.880 1.728 1.728
 1.217 0.341 0.301 0.224 0.261 0.023-2.049-1.662-0.169 1.728 1.440 3.519 1.217
 1.035 0.811 0.880 1.910 0.686 0.152-1.096 0.085 1.035 3.519 2.421 2.421 1.035
 2.826 3.519 2.826 2.133 6.000 1.910 1.035 2.133 3.519 6.000 6.000 6.000 2.826
 3.519 2.826 6.000 3.519 6.000 3.519 6.000 6.000 6.000 6.000 6.000 6.000 3.519
            4
 6.000 6.000 2.585 6.000 3.278 6.000 6.000 6.000 6.000 6.000 6.000 6.000 6.000
 6.000 1.892-0.277 1.892 2.585 2.585 3.278 1.199 2.180 3.278 3.278 3.278 6.000
 2.585-1.920-3.172 0.234 0.881 0.793 0.060-0.333-0.483 0.020 1.332 1.669 2.585
 1.892-1.376-1.517 0.187 0.388 0.506-0.711-0.747-0.359 0.334 2.585 1.892 1.892
 1.081-0.187 0.713 0.143 0.388-0.054-0.926-1.784-1.221 0.143 1.081 1.332 1.081
 1.487 1.081 0.187-0.123-0.054 0.283-1.809-2.101-1.307-0.123 0.793 6.000 1.487
 1.669 0.976 1.081 0.793 0.793 0.334-1.705-1.534-0.359 0.713 1.669 6.000 1.669
 1.199 0.976 1.332 1.487 1.081 0.234-0.673 0.713 1.332 1.332 2.585 6.000 1.199
 6.000 2.180 3.278 3.278 6.000 3.278 2.180 3.278 6.000 6.000 3.278 6.000 6.000
 6.000 6.000 6.000 6.000 3.278 6.000 6.000 6.000 6.000 6.000 6.000 6.000 6.000
            5
 6.000 3.694 3.694 3.001 6.000 6.000 6.000 3.694 6.000 6.000 6.000 6.000 6.000
 6.000 1.615-0.649 1.615 2.596 2.308 2.308 1.615 2.085 3.001 3.694 3.694 6.000
 1.903-1.896-3.516-0.019 0.139 0.399-0.043-0.237-0.525 0.650 6.000 2.085 1.903
 1.297-1.558-1.874 0.031 0.399 0.559-0.349-0.783-0.112 0.650 1.749 1.615 1.297
 1.615 0.031 0.516 0.750 0.111 0.198-0.495-1.515-1.203-0.416 0.922 1.497 1.615
 1.497 1.297 0.922-0.276-0.257 0.198-1.118-1.790-1.233-0.134 1.615 2.085 1.497
 1.130 0.986 0.261 0.327 0.516 0.476-1.225-1.085 0.476 1.210 2.085 2.085 1.130
 0.986 1.130 1.130 1.297 1.392 0.804-0.400 0.603 1.497 3.001 3.694 2.596 0.986
 3.694 3.694 6.000 6.000 6.000 2.596 1.903 2.308 2.596 6.000 3.694 6.000 3.694
 6.000 6.000 6.000 6.000 6.000 3.001 6.000 6.000 2.308 6.000 6.000 6.000 6.000
            6
 3.433 6.000 6.000 3.433 6.000 6.000 3.433 6.000 6.000 6.000 3.433 6.000 3.433
 6.000 2.740-0.231 0.600 2.740 2.740 3.433 1.130 0.794 1.487 2.334 2.740 6.000
 0.725-0.885-3.132-0.499-0.178 0.868-0.033-1.044-1.121-0.151 0.794 0.600 0.725
 1.035-1.338-1.591-0.033 0.297 0.437-0.396-0.518-0.518 0.101 0.543 0.794 1.035
 0.600-0.064 0.101 0.660-0.178 0.175-0.122-0.479-0.787-0.256 0.488 1.130 0.600
 0.868 0.543 0.388 0.175-0.479-0.351-0.741-1.294-1.419-0.694 0.488 0.868 0.868
 0.488 0.066 0.175-0.122 0.297 0.175-1.329-1.162-0.787 0.255 1.823 2.334 0.488
-0.281-0.064 0.488 0.948 0.660-0.374-0.962-0.374 1.236 0.948 1.823 0.794-0.281
 1.236 1.236 2.334 1.641 1.823 0.543 0.725 1.130 1.487 1.487 6.000 1.353 1.236
 2.334 3.433 6.000 6.000 6.000 6.000 3.433 2.334 6.000 2.740 6.000 6.000 2.334
            7
 6.000 3.400 2.707 3.400 6.000 2.707 3.400 6.000 6.000 6.000 6.000 6.000 6.000
 2.707 1.098-0.066 1.608 2.014 3.400 2.301 1.608 1.321 1.454 3.400 2.707 2.707
 1.791-1.387-2.954 0.104 0.456 0.915-0.238-0.759-0.211 0.265 1.454 1.203 1.791
 1.098-1.630-1.577 0.104 0.761-0.183-1.007-0.677 0.033 1.321 2.014 1.454 1.098
 1.203-0.471 0.033 0.222-0.066-0.183-0.607-1.066-1.143-0.238 0.835 1.203 1.203
 1.321 0.510 0.404-0.263-0.066 0.104-1.205-1.857-1.452-0.429 0.567 0.692 1.321
 1.608 0.309-0.034 0.033 0.510-0.096-1.597-1.444-0.834 0.692 1.791 1.321 1.608
 1.002 0.265 0.142 0.181 0.309-0.450-1.185-0.096 0.835 1.098 2.014 1.608 1.002
 2.014 1.791 2.707 2.301 1.203 1.454 1.791 1.454 6.000 6.000 2.014 2.707 2.014
 3.400 6.000 3.400 6.000 3.400 6.000 6.000 3.400 6.000 6.000 6.000 6.000 3.400
            8
 6.000 6.000 2.700 3.393 6.000 6.000 6.000 6.000 6.000 6.000 3.393 3.393 6.000
 3.393 2.007-0.133 1.091 2.700 1.602 2.295 2.007 1.314 2.700 3.393 1.447 3.393
-0.320-1.334-3.318-0.435 0.258 0.621 0.061-0.989-1.411-0.558 1.091 0.685-0.320
-0.320-1.541-2.036-0.368-0.041 0.349-0.519-1.181-0.937-0.519 0.685 0.621-0.320
 0.560-0.391 0.349-0.072-0.596-0.190-0.295-1.261-0.937-0.667 0.215 0.995 0.560
 0.349 0.560-0.218 0.098-0.344 0.026-0.519-0.734-0.869-0.218 0.828 1.447 0.349
 1.784 0.995 1.196 0.135 0.349 0.621-0.244-0.435 0.061 0.685 1.196 2.295 1.784
 0.560 1.091 1.447 0.995 0.908 0.449 0.398 0.908 2.007 2.700 2.295 0.908 0.560
 2.007 3.393 2.700 2.700 2.700 2.700 2.295 2.700 3.393 6.000 6.000 2.700 2.007
 6.000 3.393 6.000 6.000 6.000 6.000 6.000 6.000 6.000 6.000 3.393 6.000 6.000
            9
 6.000 6.000 2.025 6.000 6.000 6.000 6.000 6.000 6.000 3.124 6.000 3.124 6.000
 1.332 1.738-0.540 0.559 3.124 2.025 3.124 1.332 2.025 6.000 3.124 2.431 1.332
-0.705-1.491-3.124-0.373 0.927 0.927 0.033-0.726-1.387-0.432 0.033-0.134-0.705
-0.487-1.951-1.939 0.079 0.559 0.033-0.660-1.019-1.096-0.208 0.351 0.233-0.487
 0.033-0.768 0.128-0.277 0.179-0.172-0.208-1.019-1.081-0.460 1.044 1.738 0.033
 0.559 0.033 0.726 0.233-0.095 0.291-0.208-0.865-0.846-0.243 1.514 1.044 0.559
 0.639 0.485 0.559 0.179 0.821 0.559-0.514-0.884-0.095 1.332 1.514 1.514 0.639
 0.233 0.726 0.821 1.514 0.291 0.233-0.243 1.514 1.044 1.514 1.514 1.044 0.233
 2.431 2.025 2.431 6.000 3.124 1.178 1.332 2.431 2.431 6.000 6.000 6.000 2.431
 3.124 6.000 3.124 6.000 6.000 3.124 6.000 6.000 6.000 6.000 6.000 6.000 3.124
           10
 6.000 6.000 2.673 3.366 3.366 3.366 3.366 6.000 6.000 6.000 6.000 6.000 6.000
 2.673 0.727-0.641 1.063 3.366 6.000 1.980 1.286 1.169 1.420 2.267 1.756 2.673
 0.533-1.799-3.663-0.131 0.593 1.286 0.321-0.395-1.041-0.623 0.968 1.063 0.533
 0.968-1.728-1.986 0.188-0.161 0.801-0.298-0.245-0.323-0.035 1.169 0.881 0.968
 1.286-0.418 1.169 0.801 0.147 0.275-0.218-0.585-0.695-0.484 0.593 1.574 1.286
 1.420 0.727 0.533 0.421 0.370 0.188-0.484-1.279-0.677-0.161 0.968 1.980 1.420
 1.169 0.275 0.475 0.230 0.275 0.968-0.854-0.854 0.034 1.063 1.286 1.286 1.169
 1.063 0.727 1.169 0.658 1.420 0.727 0.230 0.881 1.574 1.756 2.673 2.267 1.063
 1.980 3.366 6.000 6.000 2.673 2.267 2.267 6.000 6.000 2.673 6.000 3.366 1.980
 6.000 6.000 6.000 6.000 3.366 6.000 6.000 6.000 6.000 6.000 2.267 6.000 6.000
           11
 6.000 6.000 6.000 6.000 2.172 6.000 6.000 6.000 6.000 6.000 6.000 6.000 6.000
 1.767 2.172-0.536 0.920 2.866 2.172 1.767 2.866 1.767 6.000 6.000 2.866 1.767
 0.563-1.600-3.567-0.313 0.157 0.563-0.025-0.536-0.848-0.130 0.786 1.256 0.563
 1.767-1.623-1.955 0.093 0.468 1.479 0.093-0.536-0.313 0.157 1.479 0.920 1.767
 1.256-0.226 0.468 0.226-0.502-0.079-0.313-1.105-0.848-0.353 0.668 1.256 1.256
 0.920 1.256 0.301-0.025-0.502-0.079-0.919-1.006-0.872-0.353 1.479 2.172 0.920
 1.074 0.786 1.074 0.093-0.130-0.025-0.896-0.798 0.668 1.256 2.866 1.767 1.074
 0.468 1.256 0.786 0.301 1.074-0.313-0.226 0.301 1.074 1.767 2.866 1.767 0.468
 6.000 6.000 2.172 2.866 2.866 1.256 6.000 2.172 6.000 6.000 6.000 1.767 6.000
 6.000 6.000 6.000 2.866 6.000 6.000 6.000 2.866 6.000 6.000 6.000 2.866 6.000
           12
 6.000 6.000 2.689 3.382 3.382 6.000 3.382 3.382 6.000 6.000 6.000 6.000 6.000
 2.689 1.773-0.331 1.303 1.996 2.689 1.773 1.591 1.185 1.996 3.382 6.000 2.689
 0.492-1.515-3.439-0.255 0.338 0.492-0.306-0.961-1.150-0.255 0.549 1.773 0.492
 1.437-1.594-1.843 0.164 0.204 0.549-0.355-0.643-0.678 0.247 1.185 1.773 1.437
 1.303-0.281 0.164 0.610-0.114-0.083-0.446-1.036-0.908-0.712 0.492 1.437 1.303
 1.303 1.437 0.549 0.015-0.643 0.387-0.822-1.336-1.060-0.144 1.591 1.591 1.303
 0.817 0.247 0.610 0.492-0.201 0.291-0.852-1.150 0.204 0.674 1.773 1.996 0.817
 0.743 0.674 0.387 0.204 1.080 0.492 0.015 0.338 1.303 2.689 1.996 1.591 0.743
 3.382 6.000 1.996 6.000 6.000 2.284 1.591 1.996 2.284 3.382 3.382 2.689 3.382
 6.000 2.689 6.000 6.000 6.000 6.000 6.000 2.689 6.000 6.000 2.689 6.000 6.000
           13
 6.000 6.000 6.000 6.000 6.000 6.000 6.000 6.000 6.000 6.000 6.000 6.000 6.000
 6.000 1.436-0.592 1.099 3.045 3.045 2.352 0.848 0.848 1.659 6.000 2.352 6.000
 1.436-1.589-3.510-0.451 0.406 0.743-0.287-0.761-0.980 0.001 1.659 1.947 1.436
 0.966-1.664-1.959 0.050-0.046 0.848-0.389-0.592-0.356 0.480 1.436 1.436 0.966
 1.436-0.389 0.848 0.743 0.337-0.090-0.251-0.739-0.783-0.213 0.848 1.947 1.436
 1.659 1.099 0.743 0.155-0.090 0.337-0.805-1.397-1.015 0.155 1.099 1.947 1.659
 0.966 0.848 0.155 0.050 0.212 0.212-1.337-1.015 0.001 0.647 3.045 2.352 0.966
 0.273 0.743 0.647 0.337 0.647 0.273-0.420 0.406 0.966 1.436 2.352 0.966 0.273
 1.659 3.045 6.000 6.000 2.352 1.659 1.436 6.000 1.947 6.000 3.045 2.352 1.659
 3.045 6.000 3.045 6.000 6.000 6.000 6.000 6.000 6.000 6.000 3.045 6.000 3.045
           14
 6.000 6.000 6.000 6.000 6.000 6.000 6.000 6.000 6.000 6.000 6.000 6.000 6.000
 6.000 2.224 0.144 1.531 6.000 2.224 2.224 1.531 1.125 6.000 6.000 1.531 6.000
 0.278-0.867-2.941-0.079 0.144 0.026 0.432 0.144-0.415-0.261 1.531 0.614 0.278
 0.278-1.273-1.583 1.125 0.278-0.079-0.415-0.484 0.278 0.144 0.837 0.837 0.278
-0.341-0.667 0.614-0.261-0.341 0.432-0.867-1.414-1.034-0.609 0.837 2.224-0.341
 1.125 2.224 0.614-0.079-0.174-0.484-1.242-1.560-1.303-0.174 1.125 1.125 1.125
 1.531 1.125 0.026-0.079-0.174-0.261-1.765-1.605-0.721 0.278 2.224 1.531 1.531
 0.432 0.432 1.531 0.432 0.614-0.667-1.560-0.174 1.531 0.837 2.224 0.837 0.432
 0.837 2.224 6.000 6.000 1.531 0.278 0.432 6.000 6.000 6.000 6.000 2.224 0.837
 6.000 6.000 6.000 6.000 6.000 6.000 6.000 2.224 6.000 6.000 6.000 6.000 6.000
           15
 6.000 6.000 2.308 6.000 6.000 6.000 2.308 6.000 6.000 6.000 6.000 6.000 6.000
 6.000 1.615-0.331 1.615 2.308 2.308 6.000 2.308 6.000 6.000 6.000 6.000 6.000
 0.922-1.329-3.678-0.089 0.922 0.362-0.400-0.177-0.582 0.362 0.699 1.615 0.922
 1.615-1.453-1.819-0.464 0.229-0.177-0.177-0.177-0.400 0.362 2.308 1.615 1.615
 0.699 0.111 0.229 0.517 1.615 0.006-0.464-1.126-0.400 0.006 1.210 6.000 0.699
 2.308 0.922 1.615 0.006 0.229 0.006-1.093-1.542-0.177-0.331 1.615 2.308 2.308
 1.210 6.000 0.111-0.177 0.699-0.464-1.188-1.157 0.006 1.615 6.000 2.308 1.210
 0.922 0.362 0.922 1.210 6.000-0.582-1.093 0.362 1.210 2.308 6.000 1.615 0.922
 6.000 6.000 2.308 2.308 1.210 0.922 1.615 2.308 6.000 6.000 6.000 6.000 6.000
 6.000 6.000 6.000 6.000 6.000 6.000 6.000 2.308 6.000 6.000 6.000 6.000 6.000
           16
 6.000 6.000 3.001 6.000 6.000 6.000 6.000 6.000 6.000 6.000 6.000 6.000 6.000
 6.000 2.308-0.331 1.391 3.001 2.308 2.308 6.000 2.308 3.001 3.001 3.001 6.000
 1.209-1.624-3.285 0.293 0.921 0.698-0.044 0.005-0.218 0.005 1.391 1.391 1.209
 0.921-1.890-1.851 0.056 0.516 0.436-0.331-0.367-0.135 0.516 1.391 3.001 0.921
 0.293-0.583 0.228 0.603 0.005 0.056-0.610-1.233-0.737-0.090 1.055 1.614 0.293
 1.614 0.698 0.293-0.218-0.090-0.044-1.158-1.735-0.951 0.110 1.391 1.391 1.614
 1.209 0.921 0.005 0.168 1.209 0.168-1.356-1.381 0.110 1.055 2.308 1.902 1.209
 0.921-0.044 0.056 0.921 0.698-0.555-1.369-0.257 1.055 0.921 3.001 1.902 0.921
 2.308 1.902 1.902 3.001 6.000 0.603 0.362 1.391 6.000 3.001 6.000 6.000 2.308
 6.000 6.000 6.000 6.000 6.000 3.001 6.000 6.000 6.000 6.000 6.000 6.000 6.000
           17
 6.000 6.000 6.000 6.000 2.925 6.000 6.000 6.000 2.925 6.000 6.000 6.000 6.000
 1.826 2.231 0.034 0.979 2.231 6.000 1.826 2.925 1.826 2.231 6.000 2.925 1.826
 0.622-1.541-2.984-0.120 0.440 0.285-0.020 0.091-0.371 0.622 0.622 1.538 0.622
 1.538-1.758-1.846-0.120 0.091 0.285-0.071-0.371-0.334-0.020 0.622 1.133 1.538
 0.285-1.046 0.285 0.845-0.071-0.294-0.739-0.860-0.860-0.167 1.826 0.979 0.285
 0.622 0.285 0.285 0.216 0.285-0.167-1.432-1.710-0.254-0.020 0.979 1.315 0.622
 1.315-0.071 0.152 0.216 0.152-0.294-1.650-1.506-0.371 0.727 1.315 1.826 1.315
 0.527 0.285 0.216 0.622 0.440-0.167-1.482-0.371 0.527 1.538 1.826 0.622 0.527
 2.231 1.315 6.000 2.231 1.826 0.727 0.845 1.826 2.925 1.538 2.925 2.925 2.231
 6.000 6.000 6.000 6.000 6.000 6.000 2.925 6.000 2.925 6.000 6.000 6.000 6.000
           18
 6.000 1.996 6.000 6.000 6.000 6.000 6.000 6.000 6.000 6.000 6.000 6.000 6.000
 6.000 1.996-0.837 1.303 1.303 6.000 0.897 6.000 0.897 1.996 1.996 6.000 6.000
 1.303-1.718-3.292 0.050 0.386-0.201-0.084-0.084-0.402-0.084 0.610 1.303 1.303
 1.303-1.742-1.811-0.084 0.204 0.610-0.643-0.201-0.489 0.386 1.996 6.000 1.303
 6.000-0.201 0.897 1.303-0.643-0.084 0.204-1.000-0.777-0.084 0.610 6.000 6.000
 0.897 1.996 0.610-0.402-0.201-0.084-1.262-1.642-0.949 0.050 0.897 6.000 0.897
 0.897 1.303-0.201-0.084 0.386 0.386-1.371-1.140-0.569 0.897 1.996 1.996 0.897
 1.996 0.610 0.050 0.897 0.897-0.569-1.049-0.307 0.386 6.000 6.000 1.996 1.996
 1.996 6.000 6.000 6.000 6.000 1.996 0.897 6.000 6.000 1.996 1.996 1.303 1.996
 6.000 1.996 6.000 6.000 6.000 1.996 6.000 6.000 1.996 6.000 6.000 6.000 6.000
           19
 6.000 6.000 6.000 6.000 6.000 6.000 6.000 2.416 6.000 6.000 6.000 6.000 6.000
 6.000 1.030-0.357 1.317 1.030 6.000 2.416 2.416 1.723 1.723 6.000 6.000 6.000
 0.624-1.391-3.179-0.474 0.624 0.806 0.470-0.223-0.762 0.219 1.317 0.113 0.624
 0.624-1.915-1.979 0.018 0.470 0.470-0.720-0.417-0.951-0.069 0.806 1.317 0.624
 0.624-1.222 0.018 0.113-0.292 0.219-0.720-1.139-0.842-0.803 0.470 2.416 0.624
 1.317 0.336 0.470 0.219 0.470 0.624-0.803-1.273-0.916-0.292 0.624 1.723 1.317
 1.030-0.149 0.018 0.470 1.030 0.219-1.110-0.720-0.069 1.317 6.000 1.723 1.030
 0.336 0.113 0.018 0.806 0.336-0.762-0.417-0.149 0.806 1.723 6.000 1.317 0.336
 2.416 2.416 1.723 6.000 2.416 0.219 0.624 6.000 2.416 2.416 2.416 2.416 2.416
 6.000 6.000 6.000 6.000 6.000 2.416 2.416 2.416 6.000 6.000 6.000 6.000 6.000
           20
 6.000 3.123 3.123 3.123 3.123 6.000 6.000 2.430 3.123 3.123 6.000 6.000 6.000
 2.430 0.558 0.484 2.024 3.123 2.024 0.926 0.233 0.484 1.514 1.514 3.123 2.430
 0.638-1.246-1.874 2.024 2.024-0.403-1.550-2.092-2.007-1.154 0.233 1.177 0.638
 1.331-0.615-0.135 1.737 2.024-0.012-1.181-1.111-1.271-0.684 0.290 1.514 1.331
 0.725 0.638 1.514 3.123 3.123 2.024-0.343-0.866-1.989-2.108-0.988 0.926 0.725
 1.737 6.000 2.024 2.024 3.123 1.737-0.661-1.472-2.430-2.047-0.706 0.415 1.737
 2.024 2.024 3.123 2.430 6.000 2.024 0.290-0.566-0.902-0.590 0.821 1.737 2.024
 6.000 6.000 6.000 6.000 6.000 2.024 1.514 1.514 2.430 3.123 3.123 3.123 6.000
 6.000 6.000 6.000 6.000 6.000 3.123 6.000 3.123 6.000 6.000 3.123 6.000 6.000
 6.000 2.430 3.123 6.000 6.000 6.000 6.000 6.000 6.000 6.000 6.000 6.000 6.000
