            1
 6.000 3.779 3.086 3.779 2.393 3.086 3.086 6.000 6.000 3.779 6.000 6.000 6.000
 3.086 1.294 0.224 1.214 0.560 1.294 2.393 2.393 2.680 1.987 2.169 6.000 3.086
 1.381-1.258-2.515-1.351-1.877-1.596-0.191 1.071 0.889 1.214 0.601 1.582 1.381
 0.195-0.826-1.265-1.321-1.971-1.706-0.396 0.946 1.833 0.889 0.688 0.521 0.195
-0.228-0.071 0.378 0.195-0.153-0.028 0.168 0.313 0.560 1.071 1.294-0.133-0.228
-0.364 1.006 1.987 1.476 1.214 0.643-0.191-0.441-0.441-0.380-0.315-0.071-0.364
-0.332 0.889 1.699 1.381 1.582 1.294-0.153-0.332-0.785-0.885-0.846-0.578-0.332
 0.447 1.294 1.294 1.987 2.393 1.476 0.282-0.315-0.764-1.000-1.033-0.578 0.447
 3.086 2.680 2.680 2.680 3.086 3.086 1.140 0.065-0.282-0.721-0.210 0.282 3.086
 6.000 2.680 6.000 6.000 6.000 3.779 3.779 3.086 2.680 1.699 3.086 3.779 6.000
            2
 6.000 6.000 2.354 6.000 6.000 3.740 6.000 6.000 3.740 3.740 6.000 6.000 6.000
 2.642 0.562-0.770 1.101 2.131 2.642 3.047 2.354 2.131 2.642 2.354 3.047 2.642
 0.339-2.233-3.702-0.748 0.052 0.968 0.796 0.796-0.230 0.796 1.343 1.175 0.339
 0.408-1.522-1.869-0.418-0.151 0.522 0.605 0.649 0.605 0.907 1.949 1.343 0.408
 0.522 0.244 0.696 0.968 1.256 0.306-0.748-0.824-0.434 0.445 2.354 1.175 0.522
 1.101 1.101 2.131 1.661 1.343 0.408-1.022-1.424-0.875-0.564 1.101 1.795 1.101
 1.438 1.438 1.795 3.047 2.354 0.968-0.550-1.088-0.894-0.151 1.438 2.642 1.438
 2.354 1.795 1.795 2.642 3.047 1.795 0.306-0.654-0.603 0.130 1.175 6.000 2.354
 3.047 3.740 6.000 6.000 6.000 6.000 2.354 1.256 0.850 0.968 3.047 3.047 3.047
 6.000 6.000 3.740 6.000 6.000 3.740 6.000 3.740 6.000 6.000 2.642 6.000 6.000
            3
 6.000 6.000 6.000 2.826 6.000 6.000 6.000 3.519 6.000 6.000 6.000 6.000 6.000
 6.000 1.322-0.413 1.909 6.000 2.826 2.826 3.519 3.519 3.519 3.519 6.000 6.000
 0.746-1.518-3.188 0.022 1.121 1.121 1.573 1.909 0.954 1.322 2.132 1.573 0.746
-0.145-1.035-1.691 0.022 0.053 0.223-0.559-0.265 0.223 1.216 2.132 1.439-0.145
 0.746-0.288 0.428 0.746 1.727-0.008-1.563-1.663-0.772 0.223 1.322 1.573 0.746
 0.746 1.322 1.121 1.216 1.121-0.489-2.019-2.116-1.293 0.474 1.573 0.954 0.746
 1.573 0.880 1.727 2.826 2.132-0.008-1.569-1.794-1.499-0.352 1.439 2.826 1.573
 2.132 1.909 2.826 2.132 2.826 1.909-0.170-0.524-0.608-0.393 1.439 2.420 2.132
 6.000 3.519 2.420 6.000 6.000 3.519 2.826 1.439 1.322 2.132 3.519 2.420 6.000
 6.000 6.000 6.000 6.000 6.000 6.000 3.519 3.519 6.000 2.826 6.000 3.519 6.000
            4
 6.000 6.000 6.000 6.000 6.000 6.000 6.000 3.279 3.279 6.000 3.279 6.000 6.000
 3.279 1.081-0.359 1.333 2.586 3.279 3.279 6.000 2.586 3.279 6.000 3.279 3.279
 0.640-1.663-3.347-0.277 1.669 1.669 1.892 0.881 0.571 1.333 2.586 1.199 0.640
 0.446-1.221-1.752 0.021 0.506-0.053-0.155-0.653 0.021 2.180 1.333 0.640 0.446
 0.446 0.283 0.388 1.199 0.640-0.017-1.612-1.712-0.998 1.487 2.586 0.881 0.446
 1.487 1.199 1.487 1.487 1.892-0.248-1.994-2.177-1.326-0.187 3.279 0.976 1.487
 1.199 2.180 3.279 6.000 2.586 0.234-1.296-1.670-1.116-0.089 1.669 2.180 1.199
 1.669 2.586 3.279 6.000 2.586 1.892 0.143-0.410-0.359 0.188 1.892 3.279 1.669
 6.000 6.000 6.000 6.000 6.000 6.000 2.586 2.180 1.669 3.279 3.279 6.000 6.000
 6.000 6.000 6.000 6.000 6.000 6.000 6.000 6.000 6.000 3.279 6.000 6.000 6.000
            5
 6.000 6.000 2.999 3.692 3.692 6.000 6.000 3.692 6.000 6.000 6.000 6.000 6.000
 6.000 0.601-0.527 1.495 2.306 2.594 3.692 2.999 1.613 2.999 6.000 2.999 6.000
 0.920-1.861-3.530-0.638 0.055 0.557 0.802 0.474-0.351 0.697 1.901 2.083 0.920
 0.514-1.312-1.953-0.466-0.136 0.029-0.239-0.136-0.136 0.984 2.999 1.208 0.514
 0.360 0.227 0.697 1.053 1.208-0.199-1.414-1.528-0.726 0.601 1.208 2.306 0.360
 1.390 1.613 1.495 1.901 1.127 0.029-1.719-1.706-1.175-0.435 1.901 1.901 1.390
 1.495 1.901 2.999 6.000 2.999 1.208-0.962-1.213-1.061 0.081 1.747 1.613 1.495
 3.692 1.495 2.083 6.000 6.000 2.083 0.360-0.482-0.045 0.859 1.901 6.000 3.692
 6.000 3.692 3.692 3.692 2.999 2.999 3.692 1.901 2.306 6.000 3.692 6.000 6.000
 6.000 6.000 3.692 3.692 2.999 6.000 6.000 3.692 6.000 6.000 6.000 3.692 6.000
            6
 6.000 6.000 6.000 6.000 3.428 3.428 6.000 6.000 6.000 6.000 3.428 6.000 6.000
 6.000 0.943-0.580 0.943 1.818 2.041 3.428 2.329 3.428 3.428 2.329 2.735 6.000
 0.132-1.635-3.164-1.187-0.236 0.595 1.348 0.483-0.443 0.720 1.030 2.041 0.132
-0.128-1.300-1.690-0.715-0.333 0.060-0.156 0.170 0.383 1.125 1.030 1.636-0.128
 0.383-0.183 0.537 0.250 0.943-0.038-0.903-0.942-0.561 1.482 1.125 1.818 0.383
 0.483 0.250 1.636 1.125 0.789 0.027-1.167-1.326-1.535-0.942 0.432 1.125 0.483
 1.818 1.636 1.818 1.636 1.818 0.292-1.137-1.368-1.376-0.731 0.595 1.818 1.818
 1.636 1.125 1.348 1.818 1.348 1.231-0.333-1.003-0.777-0.762 0.383 1.818 1.636
 2.041 1.636 1.482 2.329 6.000 2.735 1.636 0.655 0.483 0.432 1.030 2.329 2.041
 2.735 6.000 6.000 6.000 2.735 6.000 6.000 6.000 2.041 2.735 6.000 6.000 2.735
            7
 6.000 6.000 2.303 6.000 3.402 3.402 6.000 2.709 6.000 6.000 6.000 6.000 6.000
 2.303 1.610-0.359 0.917 2.016 2.303 6.000 2.303 2.016 2.709 3.402 6.000 2.303
 0.569-1.745-2.963-0.510-0.181 1.004 1.323 0.629-0.064 1.323 2.709 2.016 0.569
 0.001-1.418-1.635-0.709-0.692 0.458 0.569-0.405-0.359 0.694 2.016 2.016 0.001
 0.224-0.032 0.001 0.070 1.004 0.311-1.120-1.316-1.041 0.035 2.016 1.793 0.224
 1.099 0.311 1.610 0.917 1.610 0.035-1.609-1.768-1.568-0.992 0.917 6.000 1.099
 1.323 1.323 1.793 2.016 1.610 0.512-1.141-1.488-1.426-1.109 0.763 2.303 1.323
 2.709 0.917 3.402 2.709 3.402 1.099-0.336-1.087-0.902-0.692 0.311 2.303 2.709
 3.402 6.000 2.709 3.402 6.000 2.709 1.610 0.629 1.205 1.456 1.610 6.000 3.402
 6.000 6.000 6.000 6.000 3.402 3.402 6.000 2.709 6.000 6.000 6.000 6.000 6.000
            8
 6.000 3.398 2.705 3.398 3.398 6.000 6.000 6.000 6.000 6.000 6.000 6.000 6.000
 2.300 0.759-0.185 1.452 2.012 2.300 2.705 2.705 1.606 2.300 2.300 3.398 2.300
 0.031-1.930-3.235-0.745-0.745-0.431-0.627 0.220-0.679-0.128 0.307 1.452 0.031
 0.066-1.507-1.749-0.984-0.946-0.494-1.311-0.776-0.315 0.263 0.626 0.833 0.066
 0.031-0.036 0.263 0.833 0.690-0.239-1.477-1.515-0.792 0.508 0.913 1.606 0.031
 1.000 0.626 1.096 2.012 1.789 0.179-1.021-1.256-0.850-0.865 0.833 1.452 1.000
 1.000 1.606 2.012 1.789 2.012 1.452-0.003-0.473-0.068-0.729 0.759 1.319 1.000
 3.398 1.789 2.705 2.705 3.398 1.789 1.452 0.263 0.220-0.315 0.833 1.789 3.398
 3.398 3.398 6.000 3.398 6.000 6.000 6.000 2.012 2.300 2.012 2.012 2.300 3.398
 3.398 6.000 6.000 6.000 6.000 6.000 6.000 6.000 6.000 6.000 6.000 3.398 3.398
            9
 3.122 6.000 3.122 6.000 6.000 6.000 3.122 6.000 3.122 6.000 6.000 3.122 3.122
 6.000 0.289-0.245 0.820 1.736 2.024 2.024 3.122 1.736 2.024 1.736 3.122 6.000
 0.925-1.503-3.054-1.126-1.234-1.005-0.279 0.078-0.374-0.013-0.279 1.043 0.925
 0.031-1.182-1.706-1.154-1.463-0.938-1.272-0.749-0.210 0.232 0.483 0.925 0.031
 0.350-0.279 0.232 0.178 0.483-0.639-1.421-1.332-0.097 0.557 0.925 1.331 0.350
 0.820 0.637 1.736 2.024 2.024 0.637-0.903-1.366-0.769-0.489 1.736 1.513 0.820
 1.176 1.513 1.176 1.736 3.122 1.043-0.097-0.749-0.769-0.749 0.483 1.513 1.176
 6.000 1.176 2.024 6.000 2.429 3.122 1.176 0.078-0.567-0.541 0.232 2.429 6.000
 3.122 6.000 6.000 6.000 6.000 3.122 2.429 1.176 3.122 1.331 1.331 3.122 3.122
 3.122 6.000 6.000 6.000 6.000 6.000 6.000 3.122 6.000 3.122 6.000 6.000 3.122
           10
 6.000 3.366 2.673 3.366 6.000 6.000 6.000 6.000 6.000 3.366 6.000 6.000 6.000
 2.673 0.421-0.883 0.968 3.366 6.000 3.366 3.366 1.063 2.673 3.366 6.000 2.673
 0.727-2.258-3.669-0.712-0.189 0.881 0.801 1.574-0.035 1.574 1.063 1.756 0.727
 0.108-1.638-2.072-0.659-0.395 0.370-0.189 0.108 0.533 1.574 1.756 1.169 0.108
 0.533-0.546 0.475 0.881 0.968 0.533-0.585-0.925-0.728 1.286 1.286 1.286 0.533
 0.658 0.421 1.574 1.980 2.673 0.593-1.145-1.100-0.761-0.348 0.968 1.980 0.658
 0.968 1.169 2.267 1.756 2.267 0.727-0.712-0.965-0.745-0.418 1.756 1.420 0.968
 6.000 1.756 2.267 3.366 2.673 3.366 0.275 0.034 0.188 0.275 1.286 1.980 6.000
 2.673 3.366 6.000 6.000 6.000 6.000 2.673 1.980 2.673 2.267 3.366 6.000 2.673
 6.000 6.000 6.000 6.000 6.000 6.000 3.366 6.000 3.366 6.000 6.000 2.673 6.000
           11
 6.000 6.000 2.866 2.866 6.000 6.000 6.000 6.000 6.000 6.000 6.000 6.000 6.000
 6.000 1.256-0.536 0.786 2.866 6.000 1.767 6.000 1.256 6.000 2.866 6.000 6.000
 0.786-2.054-3.518-0.848-0.313 0.032 0.786 0.563-0.467 0.668 0.920 1.479 0.786
 0.563-1.623-1.862-0.313-0.130-0.025-0.179-0.226 0.093 1.256 2.172 1.074 0.563
 0.381-0.467 0.786 0.468 0.668-0.226-1.262-1.178-0.661 0.468 2.172 1.074 0.381
 0.668 0.668 2.172 1.767 1.479 0.226-1.160-1.195-1.383 0.093 1.479 0.786 0.668
 2.866 1.256 2.866 2.172 2.866 1.074-0.313-1.026-1.105-0.179 0.668 1.074 2.866
 1.479 1.074 1.767 2.172 2.172 2.172 0.226 0.226-0.600-0.226 0.786 2.172 1.479
 6.000 2.866 6.000 6.000 6.000 2.866 6.000 1.479 1.767 1.767 2.172 6.000 6.000
 6.000 6.000 6.000 6.000 6.000 6.000 2.866 6.000 6.000 6.000 2.866 2.866 6.000
           12
 6.000 6.000 1.993 3.379 6.000 3.379 6.000 6.000 6.000 6.000 6.000 6.000 6.000
 6.000 0.489-0.471 1.182 2.281 6.000 2.686 2.686 2.686 6.000 1.993 3.379 6.000
-0.055-2.150-3.416-0.698-0.572-0.310 0.607 0.814 0.012 1.077 1.433 1.433-0.055
 0.083-1.664-1.852-0.533-0.553 0.201 0.083 0.201 0.121 0.671 1.770 1.770 0.083
-0.204-0.471 0.384 0.546 1.182-0.086-0.925-1.236-0.748 0.607 2.686 0.814-0.204
 0.607 0.671 1.433 1.770 1.588 0.384-0.990-1.504-1.175-0.646 1.182 1.300 0.607
 1.077 0.981 1.770 3.379 2.686 0.981-0.492-1.195-1.015-0.646 0.981 1.300 1.077
 1.588 1.588 1.993 3.379 2.686 1.770 0.384-0.513-0.405 0.335 0.981 1.993 1.588
 3.379 2.281 3.379 6.000 6.000 6.000 3.379 2.281 1.588 1.993 1.770 3.379 3.379
 6.000 6.000 6.000 6.000 6.000 6.000 6.000 6.000 2.281 6.000 6.000 2.281 6.000
           13
 6.000 6.000 6.000 6.000 6.000 6.000 6.000 6.000 6.000 6.000 6.000 6.000 6.000
 3.046 0.648-0.866 1.436 1.947 2.353 3.046 3.046 3.046 2.353 6.000 3.046 3.046
 0.481-2.096-3.512-0.592-0.090 0.648 0.407 1.100-0.250 1.100 1.947 1.947 0.481
-0.173-1.806-1.822-0.250-0.420 0.407-0.090 0.212 0.338 1.100 0.561 0.848-0.173
 0.155 0.001 0.648 1.100 1.254-0.250-0.997-0.962-0.618 1.436 1.947 2.353 0.155
 1.436 1.659 1.659 1.659 1.947 0.561-1.188-1.529-1.159-0.090 1.436 1.947 1.436
 1.254 0.561 1.947 1.659 1.100 0.743-0.783-0.943-1.245-0.451 0.481 2.353 1.254
 1.659 1.254 2.353 3.046 3.046 1.659 0.743-0.761-0.592-0.173 0.848 3.046 1.659
 2.353 6.000 3.046 3.046 6.000 6.000 6.000 1.254 1.436 1.947 1.254 3.046 2.353
 6.000 6.000 6.000 6.000 6.000 6.000 6.000 6.000 2.353 3.046 6.000 6.000 6.000
           14
 6.000 6.000 6.000 6.000 6.000 6.000 6.000 6.000 6.000 6.000 6.000 6.000 6.000
 6.000 6.000-0.266 1.526 2.219 1.526 6.000 2.219 6.000 2.219 2.219 6.000 6.000
 1.526-1.039-2.985-0.179-0.346 0.273 0.140 0.022-0.083 1.526 0.833 1.526 1.526
 1.526-1.077-1.542-0.179-0.671 0.610-0.614-0.777 0.273 2.219 6.000 2.219 1.526
 1.121 0.273 0.273 0.273 0.273 0.140-1.609-1.693-1.113 1.526 1.121 1.121 1.121
 2.219 0.833 2.219 1.121 1.121-0.083-1.806-1.587-1.364-0.179 2.219 0.833 2.219
 0.610 2.219 1.526 2.219 1.526-0.179-1.392-1.751-1.336-0.916 0.273 1.121 0.610
 2.219 2.219 1.526 2.219 2.219 1.121-0.346-1.077-1.113-0.959 0.427 1.526 2.219
 2.219 6.000 2.219 6.000 6.000 6.000 6.000 1.121 0.022 0.610 6.000 2.219 2.219
 6.000 6.000 6.000 6.000 6.000 6.000 6.000 6.000 6.000 6.000 2.219 6.000 6.000
           15
 6.000 6.000 6.000 6.000 2.312 6.000 2.312 6.000 6.000 6.000 6.000 6.000 6.000
 6.000 6.000-0.633 6.000 6.000 6.000 6.000 2.312 2.312 6.000 6.000 6.000 6.000
 6.000-1.979-3.618-0.779 0.009 0.925 0.114 0.925 0.114 0.009 1.213 1.619 6.000
 1.213-1.352-2.006 0.366-0.633-0.253-0.396-0.086 0.366 1.619 2.312 2.312 1.213
 1.619 0.925 0.702 0.366 1.213 0.009-1.326-0.907-0.173 0.232 2.312 2.312 1.619
 1.213 1.619 1.619 1.619 1.619 0.009-1.377-1.620-0.396-0.173 6.000 1.619 1.213
 2.312 6.000 1.619 6.000 2.312 0.520-0.779-1.517-1.089-0.253 2.312 2.312 2.312
 1.619 2.312 6.000 1.619 6.000 0.925-0.396-0.633-0.824-0.253 2.312 6.000 1.619
 6.000 2.312 6.000 2.312 6.000 2.312 1.619 6.000 1.213 6.000 0.925 6.000 6.000
 6.000 2.312 6.000 6.000 6.000 6.000 6.000 6.000 6.000 6.000 6.000 6.000 6.000
           16
 6.000 6.000 6.000 2.999 6.000 6.000 6.000 6.000 6.000 6.000 6.000 6.000 6.000
 2.999 1.054-0.259 1.208 2.306 6.000 2.306 6.000 6.000 6.000 2.999 6.000 2.999
 2.999-1.853-3.270-0.527-0.466 0.515 1.390 1.390 0.515 1.208 1.390 1.901 2.999
 0.360-1.407-1.837-0.611-0.664 0.227-0.584-0.333 0.055 1.208 1.613 1.901 0.360
 1.390 0.109 0.435 0.920 0.435-0.259-1.443-1.305-0.527 0.697 2.306 0.920 1.390
 1.613 0.920 1.901 2.306 1.054-0.045-1.645-1.719-1.205-0.092 2.306 1.390 1.613
 1.901 1.901 2.306 1.901 2.306 0.055-1.128-1.431-1.190 0.291 1.613 2.999 1.901
 2.306 1.613 6.000 2.999 2.306 1.390-0.333-1.383-1.111-0.497 0.920 6.000 2.306
 2.999 2.306 2.306 2.306 6.000 6.000 1.054 0.697 0.802 1.208 2.999 6.000 2.999
 6.000 6.000 6.000 6.000 6.000 6.000 6.000 6.000 2.999 6.000 6.000 6.000 6.000
           17
 6.000 6.000 2.921 6.000 6.000 6.000 2.921 6.000 6.000 6.000 6.000 6.000 6.000
 6.000 0.975-0.170 1.130 2.921 1.823 2.921 6.000 6.000 6.000 2.228 6.000 6.000
 0.975-1.473-3.070-0.023-0.074-0.023 1.312 0.213 0.436 0.282 1.535 1.823 0.975
 1.130-1.521-1.723-0.374-0.662-0.337-0.446-0.123-0.374 0.356 2.228 0.724 1.130
 0.436-0.374 0.436 0.523 0.213-0.411-1.268-1.341-0.257 0.523 2.228 0.842 0.436
 0.436 0.436 1.312 1.535 1.535-0.074-1.684-1.556-1.010-0.023 1.823 0.975 0.436
 0.975 0.619 2.228 2.921 1.823 0.088-1.222-1.797-1.327-0.337 1.312 0.975 0.975
 1.823 0.356 2.921 2.921 2.228 0.975-0.374-1.327-1.238-0.374 1.130 2.228 1.823
 2.228 6.000 6.000 6.000 6.000 6.000 1.535-0.023 0.436 1.823 6.000 6.000 2.228
 6.000 6.000 2.921 6.000 6.000 6.000 6.000 2.921 6.000 6.000 6.000 6.000 6.000
           18
 6.000 6.000 6.000 6.000 6.000 1.991 6.000 6.000 6.000 6.000 6.000 6.000 6.000
 6.000 0.045-0.781 0.893 1.298 6.000 6.000 6.000 6.000 1.991 6.000 6.000 6.000
 6.000-1.672-3.351-1.100-0.574 0.382 0.382 1.991 0.893 1.991 1.991 1.991 6.000
 1.298-1.305-2.120-0.574-0.494 0.382 0.382 0.045 0.045 0.382 1.991 1.298 1.298
 1.298 1.298 0.045 6.000 1.298 0.605-1.620-1.100-0.574 6.000 6.000 1.298 1.298
 0.893 6.000 1.298 1.298 1.298 0.605-1.722-1.901-0.781 0.045 1.991 1.298 0.893
 0.893 6.000 1.991 6.000 1.991 1.991-1.474-1.620-0.899-0.206 1.991 6.000 0.893
 1.991 1.298 6.000 1.991 1.991 1.991-0.574-1.187-0.311-0.311 0.605 6.000 1.991
 6.000 1.991 6.000 6.000 6.000 6.000 0.893 1.298 1.991 1.298 6.000 6.000 6.000
 6.000 6.000 6.000 6.000 6.000 6.000 6.000 0.893 6.000 6.000 6.000 6.000 6.000
           19
 6.000 6.000 6.000 6.000 6.000 6.000 6.000 6.000 6.000 6.000 2.410 6.000 6.000
 6.000 1.717-0.534 0.801 1.717 6.000 1.717 6.000 1.717 6.000 2.410 6.000 6.000
 1.311-1.853-3.071-0.991-0.480-0.155 0.213 1.717-0.155 1.717 0.213 2.410 1.311
-0.155-1.397-1.780-0.848-1.145-0.768-0.586-0.075-0.363 0.618 1.717 0.012-0.155
 0.618-0.423 0.107-0.155 1.024-0.423-1.461-1.279-1.279 0.618 1.717 2.410 0.618
 1.717 1.311 1.311 1.311 1.311 0.331-1.056-1.419-1.116-0.155 1.717 0.618 1.717
 2.410 1.311 2.410 6.000 6.000 0.801-0.480-1.279-1.087-0.155 1.311 0.801 2.410
 6.000 1.717 2.410 2.410 2.410 1.717 0.107-0.726-1.351-0.363 0.464 2.410 6.000
 6.000 2.410 2.410 6.000 6.000 6.000 1.311 0.464 0.801 1.024 1.311 6.000 6.000
 6.000 6.000 6.000 6.000 2.410 6.000 2.410 2.410 6.000 6.000 6.000 6.000 6.000
           20
 6.000 6.000 2.432 2.027 6.000 6.000 3.125 3.125 3.125 6.000 3.125 6.000 6.000
 1.739 1.179-0.588 0.486 2.432 1.739 1.516 1.516 1.739 3.125 6.000 2.432 1.739
 0.081-1.490-3.172-0.986-0.133 0.081-0.053 0.560 0.727 1.334 3.125 1.334 0.081
 0.235-1.123-1.780-0.094 0.560-0.010-0.430-0.486 0.130 0.560 2.027 1.739 0.235
-0.430-0.787 1.179 1.334 0.727-0.010-1.205-1.727-1.892-0.845 1.179 6.000-0.430
 0.235 0.034 1.179 2.027 1.739 0.353-1.281-1.831-2.068-1.931 0.235 1.516 0.235
 2.027 1.739 2.027 2.432 3.125 1.739 0.130-0.564-0.746-0.430 0.292 2.027 2.027
 6.000 2.432 2.432 6.000 3.125 6.000 2.432 2.027 1.739 2.432 6.000 3.125 6.000
 6.000 6.000 3.125 3.125 6.000 6.000 6.000 6.000 6.000 3.125 6.000 6.000 6.000
 6.000 6.000 6.000 6.000 3.125 6.000 6.000 3.125 6.000 3.125 6.000 6.000 6.000
