buried	CYS	MET	PHE	ILE	LEU	VAL	TRP	TYR	ALA	GLY	THR	SER	ASN	GLN	ASP	GLU	HIS	ARG	LYS	PRO	
bas_bas_bas_	0.887058	1.40114	1.82554	1.24223	1.00502	0.912637	0.887058	0.673595	0.853017	1.24441	1.6149	0.788496	0.752762	0.684577	1.01419	0.217364	7.76859	0.591372	0.204883	0.537267	
bas_aci_aci_	1.04904	1.03562	1.34931	0.80799	0.346658	0.620593	1.44243	1.5932	0.714556	0.981102	0.596811	0.815922	1.07569	0.60719	1.10943	0.835432	2.95303	1.22388	0.393732	0.357399	
bas_bas_aci_	0.796678	1.16849	0.749504	0.988159	0.666219	0.772814	1.59336	1.03708	0.729625	0.975703	0.880577	0.885198	0.933614	0.922242	0.884831	1.00397	2.42062	0.758741	0.262869	0.999519	
bas_aci_hyp_	0.894399	1.79056	1.36978	1.1593	1.19008	0.93731	1.4144	1.21619	0.813406	0.758662	0.780999	0.721066	0.764875	0.642086	0.713429	0.718649	1.26211	0.929065	0.470807	0.856662	
bas_aci_oxy_	1.17973	0.810181	1.41448	1.06308	0.910441	1.05543	1.48748	1.3827	0.772744	0.887455	0.875424	0.980256	0.710942	0.593766	0.856196	0.678707	1.3797	0.786484	0.50942	0.86986	
bas_aci_sma_	0.768407	1.59301	1.44299	1.03572	0.915931	0.948678	1.72891	1.40404	0.869769	1.19774	0.874309	1.04589	0.719998	0.555946	0.856569	0.659013	2.10296	1.18463	0.399326	0.974438	
bas_aci_cys_	2.784	0.732902	0.381959	1.03965	0.700935	0.763807	0.927999	1.40937	1.11548	1.30185	1.26708	0.927999	1.05001	1.07426	0.742698	0.682187	4.35383	1.392	0.535848	0.70258	
bas_aci_pro_	1.80059	0.888781	1.20431	1.26077	1.14752	0.78732	1.80059	2.22186	0.468947	1.08757	0.87072	0.800264	0.954997	0.607945	0.617595	0.992735	1.68954	1.05035	0.415882	0.886089	
bas_aci_ami_	1.10006	0.941189	0.905556	0.87296	1.004	0.773384	1.83343	1.42704	0.793384	0.728744	0.625835	0.937087	0.855723	0.353733	0.922326	1.0333	2.00708	1.55842	0.275253	1.13822	
bas_hyp_hyp_	1.02829	1.51991	1.55705	1.35017	1.53912	1.14335	1.30187	1.09604	0.811927	0.672008	0.68483	0.660368	0.496347	0.63704	0.735596	0.661133	1.05044	0.499993	0.217893	0.659946	
bas_bas_hyp_	1.28682	2.03258	1.0262	0.901031	0.94159	0.761261	1.44768	1.03823	0.683172	0.714569	0.658879	0.893628	0.591504	0.527581	1.41608	0.847428	2.06275	0.509368	0.130033	0.755039	
bas_hyp_oxy_	1.12521	1.96897	1.6709	1.3471	1.10819	1.37103	1.21346	1.33191	1.11032	0.945725	0.893688	0.710915	0.761389	0.698098	0.862691	0.681189	0.993704	0.470675	0.249697	0.955446	
bas_hyp_sma_	0.994434	1.43088	1.31201	1.40023	1.37876	1.27819	1.68918	1.33441	1.19862	1.02983	0.976489	0.838533	0.705162	0.751674	0.872184	0.774419	0.988493	0.644793	0.289465	0.738438	
bas_hyp_cys_	3.72345	2.45055	1.07279	1.7381	0.937465	1.20032	1.73761	1.31947	0.895141	0.696461	0.593127	0.74469	1.01814	0.814168	0.567612	0.425782	1.1646	0.661947	0.200667	1.46588	
bas_hyp_pro_	1.61571	1.93768	1.50245	1.08942	1.40117	1.08358	1.55587	1.54499	0.882354	0.792846	0.735356	0.904267	0.643233	0.877454	0.752592	0.733171	0.935842	0.658253	0.317894	0.978593	
bas_hyp_ami_	1.06492	1.44177	1.25232	1.01196	1.18498	1.03302	1.9777	1.14078	0.755847	0.847742	0.874143	0.78601	0.839145	0.616378	0.808793	0.838755	1.3799	0.773332	0.263532	0.794721	
bas_oxy_oxy_	1.52838	1.44847	1.30008	1.56958	0.923529	0.964435	1.93594	1.00584	0.881835	1.11175	0.834729	1.24534	0.691727	0.786338	0.978555	0.87386	1.40225	0.679278	0.447144	0.80227	
bas_bas_oxy_	0.404832	0.479584	1.49964	0.623616	0.993776	0.74971	1.01208	0.845384	0.811034	0.788777	0.737001	0.989588	1.03063	1.09349	1.15713	1.38879	2.53243	0.742191	0.187007	1.59377	
bas_oxy_sma_	1.4805	1.50332	1.27096	1.46907	1.13423	1.22726	1.4805	1.09211	1.11183	1.33847	1.03961	1.1656	0.921333	0.701859	0.986593	0.684101	1.24366	0.803702	0.312641	0.85827	
bas_oxy_cys_	3.82309	1.67742	1.92324	1.42769	0.882339	0.69926	0.424788	0.967699	1.0893	1.25804	0.773332	0.943974	0.600796	0.491738	0.874202	0.728627	1.32863	0.566384	0.392452	0.771848	
bas_oxy_pro_	1.08489	1.54226	1.3396	1.15465	0.983326	0.982234	3.25467	1.56526	0.869382	1.55576	0.888776	0.867912	0.920644	0.502351	0.893069	0.957025	0.950116	0.650934	0.451038	1.4456	
bas_oxy_ami_	1.04656	2.10391	1.17479	1.14583	0.934212	0.9397	1.71255	1.37269	1.15888	1.12708	1.16915	1.22627	0.968855	0.844384	0.891974	0.559523	1.42838	0.919704	0.395547	0.432186	
bas_sma_sma_	1.08793	1.9571	1.24385	1.30347	1.09565	1.40535	1.39014	1.21625	1.22055	1.16821	1.25163	1.0745	0.85484	1.0495	1.11947	0.784948	1.47454	0.78573	0.404839	1.07992	
bas_bas_sma_	1.22035	1.65221	1.36335	0.683586	0.987589	1.07617	1.04601	0.794296	0.810284	1.11414	1.11083	0.619858	0.838336	0.739976	1.15606	1.28157	2.72638	0.871675	0.281862	1.26708	
bas_sma_cys_	3.17473	0.835766	0.871134	1.48196	1.09905	1.41539	0.001	1.40628	0.89043	1.27837	1.14389	1.17583	1.64639	1.12295	1.08892	0.777933	1.82046	0.529122	0.244422	0.801187	
bas_sma_pro_	1.508	1.19097	1.42757	1.39378	1.08207	1.30325	2.262	1.5459	0.797571	1.08126	0.617699	0.569688	0.810474	0.58189	0.86206	0.775988	0.943329	0.854532	0.313471	1.32436	
bas_sma_ami_	1.3	1.43737	1.21283	1.28649	1.09647	1.15915	1.12667	1.05298	0.958419	0.945626	1.02555	1.04	0.907064	0.601956	0.852151	0.57339	1.08429	0.693332	0.30026	1.04983	
bas_cys_cys_	8.22544	0.541348	0.001	0.191981	0.64717	0.70522	0.001	0.260252	0.439433	0.854748	0.935908	1.67555	1.16336	0.264496	0.783691	0.335925	0.001	0.685454	0.633275	0.415161	
bas_bas_cys_	3.61919	3.81109	1.98619	2.70309	0.455608	0.992949	1.2064	1.37413	0.001	1.12827	0.823599	1.60853	1.36501	0.465512	0.827578	0.295614	2.26399	0.804266	0.001	0.730683	
bas_cys_pro_	5.24521	3.10687	1.61917	1.46907	0.742839	1.07929	3.93391	0.995748	1.68131	1.02198	0.895216	1.457	0.741852	0.001	0.299847	2.24924	3.28114	0.874202	0.605742	0.39711	
bas_cys_ami_	3.35111	2.64659	0.459765	0.469287	0.949183	0.804473	1.11704	0.636173	0.805627	1.82821	1.39808	1.36527	1.57987	0.646545	0.766276	0.547434	2.79505	0.74469	0.001	0.676558	
bas_pro_pro_	0.001	1.19097	1.86205	0.422358	0.854265	0.93089	0.001	2.86278	0.725064	0.705167	0.343166	0.670221	0.85313	1.16378	0.001	0.739036	1.88666	1.00533	0.001	0.913353	
bas_bas_pro_	0.913938	2.16539	1.50469	1.0239	0.345157	1.50447	0.913938	2.42902	0.585911	0.997206	1.0399	0.406195	0.001	0.705322	0.626953	2.01555	0.571715	0.001	0.001	1.66064	
bas_pro_ami_	0.718094	1.70138	1.92116	1.20674	0.881384	0.886562	2.87238	0.681613	1.49616	1.06335	1.22559	1.3564	1.32032	0.277091	1.14941	1.05577	0.898409	0.957459	0.248787	1.95719	
bas_ami_ami_	1.10679	1.96673	1.82219	0.697473	1.14947	0.854027	1.10679	0.840448	1.06431	1.12137	0.755595	1.41423	1.2523	0.747382	1.20214	0.881419	0.86544	0.830091	0.127817	0.502763	
bas_bas_ami_	0.763543	1.80906	1.57135	0.962336	0.865078	0.471337	1.52709	1.59446	0.856616	0.714093	0.781898	0.933219	0.431965	0.589256	1.30946	0.84194	2.14936	1.01806	0.176355	0.462457	
aci_aci_aci_	0.001	0.001	0.689648	0.469287	0.474592	0.344774	7.53999	2.2266	1.20844	1.82821	0.571944	1.11704	1.65886	1.29309	2.10726	0.615863	3.14443	0.837777	0.193501	0.507419	
aci_hyp_hyp_	0.853584	1.65858	1.7678	1.55965	1.70648	1.38003	1.55813	1.43525	0.981519	0.75184	0.826312	0.831002	0.56722	0.596006	0.433741	0.401722	1.1103	1.3007	0.510091	0.902685	
aci_aci_hyp_	1.06447	1.68136	1.50911	0.960658	0.848681	1.16818	1.30102	0.898126	0.928841	0.958658	1.15734	0.972478	0.970227	1.09532	1.02771	0.6376	2.2196	1.22217	0.546355	0.787991	
aci_hyp_oxy_	1.14226	1.24908	1.38331	1.29814	1.33563	1.17519	1.29602	1.24269	1.04209	1.04774	0.909778	0.981169	0.782916	0.64419	0.673072	0.57056	1.41534	1.091	0.598683	1.01779	
aci_hyp_sma_	1.17014	1.61399	1.5534	1.57865	1.44712	1.28866	1.25254	1.28903	1.22825	1.05582	1.00137	0.959552	0.745906	0.674103	0.648194	0.424037	1.59799	1.27452	0.468208	0.833497	
aci_hyp_cys_	4.90976	0.830907	1.51562	1.91535	1.29133	0.938106	1.05209	1.59783	1.09603	0.901958	1.19709	0.974159	0.545607	0.676617	0.842012	0.30077	1.31627	1.11054	0.445502	1.06204	
aci_hyp_pro_	1.79613	1.95047	1.54016	1.42533	1.01749	1.40134	1.87097	1.27866	0.959556	0.746579	1.07293	1.01448	0.80444	0.664193	0.427821	0.476797	1.35764	1.47183	0.449421	0.747907	
aci_hyp_ami_	0.871972	1.41782	1.49893	1.12054	1.31723	1.09765	2.10299	1.20743	1.03581	0.87946	1.01549	1.13983	1.17523	0.930233	0.480877	0.578157	1.28344	1.53877	0.50942	1.00966	
aci_oxy_oxy_	1.72108	0.970896	1.38304	1.40021	1.12973	1.11302	0.655651	1.18245	1.12963	1.3158	1.11902	0.764926	0.88095	0.600865	0.730877	0.361485	1.23043	0.764926	0.870753	0.992775	
aci_aci_oxy_	1.17289	0.926307	1.65516	1.50172	0.727707	0.827458	0.837777	0.890642	0.805627	1.12304	0.991369	1.26597	0.663546	0.711199	0.536393	0.369518	2.82999	1.39629	0.387002	1.16706	
aci_oxy_sma_	1.46441	2.06526	1.49251	1.37694	0.981005	1.18379	1.32495	1.11201	1.08969	1.50001	1.14256	1.20097	0.927101	0.820701	0.861063	0.52117	1.35229	1.04601	0.571778	0.971428	
aci_oxy_cys_	2.74181	0.270674	1.26958	1.15189	1.48849	1.19887	1.02818	1.17114	0.933795	1.33554	0.935908	1.14242	0.484733	1.05798	0.940429	0.335925	0.643179	1.37091	0.474956	1.76443	
aci_oxy_pro_	1.23102	0.972217	1.35115	1.78138	1.08478	1.43539	1.23102	1.71377	1.11801	1.21525	1.40068	1.27661	0.928577	0.475013	0.797552	0.955217	1.79682	1.16263	0.663431	0.931993	
aci_oxy_ami_	1.18607	1.00362	1.63888	1.30504	0.895858	0.87162	1.94854	1.12581	0.964037	1.00361	0.886834	1.20489	0.742894	0.65381	0.63928	0.518986	1.58988	1.15783	0.410917	1.0519	
aci_sma_sma_	1.03829	1.71811	1.44487	1.39863	1.35375	1.52605	1.13718	1.20143	1.35504	1.26391	1.37266	1.25254	0.783202	0.858527	0.825316	0.617883	1.51551	1.28551	0.479628	0.853461	
aci_aci_sma_	0.726746	1.14792	1.34606	1.62837	0.994927	1.15894	2.18024	1.37965	1.31036	1.44432	1.28171	1.73612	0.976474	0.841287	1.08017	0.445202	1.70481	1.69574	0.461604	0.935362	
aci_sma_cys_	4.02133	1.58795	1.9655	1.47825	1.2814	1.44805	1.508	1.14511	1.32928	1.01857	0.972304	1.28459	0.782036	1.16378	0.517236	0.492691	2.51554	1.34044	0.406352	1.06558	
aci_sma_pro_	2.00041	2.43054	1.64671	1.55152	1.51094	1.01321	2.15428	1.2269	1.15912	1.00738	0.980475	0.991654	0.783487	0.415636	0.668536	0.603295	1.1551	1.02585	0.568655	1.02519	
aci_sma_ami_	1.82524	1.16694	1.64562	1.46061	0.935506	1.0373	2.08599	1.38601	1.05869	1.43607	1.14718	0.965737	0.983435	0.771382	0.834732	0.638936	1.63112	1.41963	0.421575	1.15814	
aci_cys_cys_	2.08	0.001	1.28417	0.873845	0.981913	0.001	2.08	1.97433	0.500044	1.29686	0.236666	1.15555	0.294183	0.001	1.18905	0.001	1.30114	0.693332	0.001	0.629899	
aci_aci_cys_	5.32235	1.40114	0.730216	0.496892	0.670012	1.09516	1.77412	0.001	1.42169	1.93575	1.21117	0.001	1.50552	2.73831	0.811351	1.30418	4.4392	1.77412	0.001	1.07453	
aci_cys_pro_	2.15428	0.001	2.66007	0.001	1.62717	0.886562	0.001	0.817936	0.690538	0.335794	0.001	0.957459	0.609379	0.001	0.985211	0.527883	2.69523	0.001	1.49272	1.30479	
aci_cys_ami_	4.30857	3.40276	0.88669	0.603369	1.42377	0.664921	0.001	1.2269	0.863172	0.671588	0.245119	0.718094	0.001	0.415636	0.985211	0.791824	0.673806	0.359047	0.248787	0.326198	
aci_pro_pro_	0.001	1.40114	0.730216	1.98757	0.001	0.365055	0.001	2.02078	1.70603	1.65922	0.80745	0.788496	1.00368	1.36915	0.405675	0.001	2.2196	2.95686	1.2293	0.001	
aci_aci_pro_	0.861713	2.72221	1.06403	2.17213	0.813585	1.24119	1.72343	1.96305	1.10486	2.01476	0.980475	1.72343	0.243752	0.001	0.788169	1.05577	0.539045	1.43619	0.199029	0.782874	
aci_pro_ami_	1.09012	1.4349	1.34606	0.915958	1.23508	0.822473	1.81686	1.65558	1.04829	1.01952	0.992288	1.04974	0.925081	0.701073	0.664721	0.801364	0.909233	1.93799	0.587496	0.770298	
aci_ami_ami_	1.55464	2.4556	1.27976	0.957926	0.645836	1.40753	1.86556	0.944421	0.249163	0.581581	1.41512	0.621855	0.967467	0.719865	0.995368	0.685704	0.972504	1.14007	0.574518	0.753281	
aci_aci_ami_	0.304646	0.721798	0.877734	1.10922	0.575262	0.877607	1.52323	1.27235	0.292955	1.28212	0.831918	0.880089	0.861748	1.17554	0.835937	0.821151	3.81143	1.11704	0.422184	0.369032	
hyp_hyp_hyp_	1.21069	1.75669	2.1574	2.12769	2.32394	1.69551	1.48656	0.939096	1.01137	0.567859	0.672629	0.526873	0.317494	0.382006	0.286933	0.287008	0.5473	0.393578	0.246134	0.55903	
hyp_oxy_oxy_	1.60122	1.35121	1.78757	1.67715	1.50351	1.47588	1.22833	0.90776	1.20229	1.05305	0.933412	0.945621	0.781778	0.710964	0.657046	0.54823	1.13886	0.555674	0.344502	0.803751	
hyp_hyp_oxy_	1.331	1.78885	2.0337	1.98426	1.94099	1.61347	1.52715	1.05149	1.08531	0.790556	0.79601	0.734773	0.55616	0.540623	0.450653	0.397097	0.75665	0.488811	0.293397	0.752406	
hyp_oxy_sma_	1.22278	1.85611	1.68301	1.89775	1.74126	1.66084	1.31252	1.0563	1.32868	1.09637	0.962423	0.872522	0.683837	0.751036	0.666946	0.47693	0.768418	0.583343	0.361451	0.876493	
hyp_oxy_cys_	3.04752	1.61839	1.85989	1.97199	1.99428	1.55689	1.62885	0.957584	1.10318	1.11385	1.17179	1.06255	0.56479	0.689348	0.516635	0.373381	0.95319	0.472891	0.230583	1.12976	
hyp_oxy_pro_	1.31663	1.69274	1.80219	1.58652	1.60157	1.4617	1.56158	1.19743	1.1336	0.844769	0.926723	0.932186	0.788171	0.732532	0.567122	0.502695	0.670386	0.68383	0.282884	0.871627	
hyp_oxy_ami_	1.16	1.55569	1.4864	1.48959	1.38451	1.16643	1.4883	0.997194	1.11198	0.927941	0.996128	0.860879	0.681018	0.96278	0.660621	0.611394	1.16376	0.787923	0.247703	1.0141	
hyp_sma_sma_	1.46717	1.98435	1.66574	2.081	1.86645	1.9	0.969139	1.04597	1.58992	1.0973	1.00673	0.847498	0.649811	0.652701	0.540679	0.451865	0.659573	0.517472	0.38965	0.766336	
hyp_hyp_sma_	1.2321	1.79533	1.83372	2.10493	2.03466	1.76956	1.23542	1.03585	1.23006	0.753969	0.835479	0.638007	0.445753	0.485042	0.388432	0.380443	0.59208	0.458302	0.281893	0.669313	
hyp_sma_cys_	2.78499	1.53453	1.59058	2.09214	2.00572	1.83024	1.23058	1.00003	1.3356	0.979258	0.889235	0.858766	0.567939	0.483173	0.444297	0.349151	0.864324	0.438978	0.329104	0.73879	
hyp_sma_pro_	1.4326	1.95318	1.52688	1.46981	1.76263	1.37151	1.6588	1.2997	1.17702	0.84385	0.902527	0.891394	0.661176	0.58189	0.603442	0.539496	1.03766	0.583093	0.32392	0.981855	
hyp_sma_ami_	1.3113	1.59658	1.53484	1.5035	1.40314	1.38284	1.46156	1.17727	1.18217	1.08373	1.0755	0.892414	0.850039	0.753717	0.668409	0.508757	0.948456	0.692076	0.400673	0.897634	
hyp_cys_cys_	4.38078	1.26415	1.28298	1.27415	1.14538	1.23079	1.01095	0.671713	0.796626	0.617185	0.766852	0.711408	0.214474	0.487618	0.327486	0.309652	0.632399	0.196573	0.155665	0.841918	
hyp_hyp_cys_	2.75693	1.93662	2.06989	2.12634	2.4146	1.54792	1.14987	0.920507	1.15238	0.794676	0.72511	0.680381	0.399721	0.465085	0.304117	0.251211	0.606642	0.387909	0.204789	0.633516	
hyp_cys_pro_	2.2433	2.06697	1.94925	1.85	1.62381	1.71817	0.997023	1.23028	0.998711	0.660487	1.19116	1.21858	0.705066	0.817532	0.313476	0.70239	0.935533	0.581597	0.287852	0.60387	
hyp_cys_ami_	3.48958	2.26382	1.02592	1.36132	1.34141	1.12835	1.62016	1.08833	0.719072	1.10729	0.850825	1.19089	0.705066	0.480901	0.541459	0.274848	0.779611	0.540054	0.287852	0.528386	
hyp_pro_pro_	0.88187	1.53224	1.45189	1.13617	1.76515	1.48797	1.58737	1.87504	0.961099	0.824757	0.802728	0.823079	0.548797	0.612516	0.403303	0.605059	1.4343	0.470331	0.40737	0.747775	
hyp_hyp_pro_	1.28387	1.87324	1.89429	1.54194	1.55321	1.46641	1.76259	1.27648	0.990468	0.768255	0.777447	0.703587	0.477039	0.470215	0.437872	0.399911	0.714643	0.482356	0.2513	0.738063	
hyp_pro_ami_	0.850498	1.70507	1.40024	1.19103	1.18596	1.23849	1.96269	1.46554	0.975141	0.938183	0.99749	1.27938	1.05485	0.706852	0.643273	0.496966	1.18683	0.610614	0.271992	0.772685	
hyp_ami_ami_	0.879999	1.64271	1.25124	1.23235	0.921488	0.987682	1.2	1.33647	1.03855	0.997584	0.983076	1.13778	0.973066	1.01869	0.823187	0.411665	0.650572	0.773332	0.388028	1.09021	
hyp_hyp_ami_	1.17904	1.80647	1.67424	1.63131	1.68983	1.32464	1.36769	1.07438	1.04121	0.74615	0.815657	0.812231	0.733732	0.623292	0.514944	0.418922	0.752303	0.632754	0.364913	0.767674	
oxy_oxy_oxy_	2.61386	1.11157	0.910335	1.23892	1.32886	0.951576	2.21173	0.687066	1.74015	1.66106	1.50993	1.16172	0.682504	0.465512	0.827578	0.344883	0.754663	0.670221	0.325081	1.03513	
oxy_sma_sma_	1.51354	1.96794	1.5726	1.61292	1.35232	1.54958	1.23667	1.07223	1.52645	1.57375	1.17189	1.09926	0.856263	0.804818	0.75971	0.610587	0.912154	0.726005	0.460423	1.12353	
oxy_oxy_sma_	1.2064	1.58795	1.59998	1.40786	1.3605	1.45495	1.508	1.06877	1.43402	1.36855	1.29641	1.34789	0.815213	0.749992	0.773938	0.591229	1.32066	0.759584	0.301861	0.943798	
oxy_sma_cys_	4.0685	2.09554	1.45615	1.95697	1.3695	1.40134	0.972902	0.772362	1.44588	1.36484	1.08686	1.2972	0.750554	0.682569	0.687626	0.433452	1.10654	0.560156	0.388136	1.33923	
oxy_sma_pro_	1.26144	2.08306	1.48681	1.62198	1.2343	1.4394	1.03209	1.21913	1.34169	1.18868	1.00471	1.31241	0.778522	0.663753	0.77356	0.576055	1.21951	0.764511	0.437032	0.781386	
oxy_sma_ami_	1.58543	1.36859	1.47204	1.38377	1.1418	1.33526	1.40107	1.00792	1.37685	1.13792	0.964893	0.98321	0.886505	0.867856	1.02857	0.54208	1.22241	1.03237	0.332121	0.904421	
oxy_cys_cys_	4.17106	0.506794	0.924422	1.16823	0.969378	1.32041	1.2834	1.2182	0.822768	0.850201	0.949183	0.784301	1.17986	0.495226	0.293467	0.471725	1.00354	0.427801	0.22232	0.971653	
oxy_oxy_cys_	5.41333	0.610752	1.11405	1.51616	1.46028	1.67083	1.16	0.880854	0.991541	1.4465	1.31987	1.20296	0.76563	0.447608	0.530498	0.568489	0.241879	0.902221	0.44654	1.40516	
oxy_cys_pro_	4.3869	1.29924	1.57992	0.767924	1.65676	1.46686	2.19345	1.04101	1.66985	1.62402	1.24788	1.82788	0.465344	0.423193	1.50469	0.26874	1.02909	1.09673	0.25331	0.498193	
oxy_cys_ami_	3.82984	1.89042	1.3793	1.07266	1.53677	1.3791	2.39365	0.908818	0.997443	1.56704	0.762592	1.17023	0.54167	0.923636	1.20415	0.351922	1.79682	0.478729	0.442287	0.579907	
oxy_pro_pro_	1.70717	2.69653	1.40532	0.956283	1.61182	0.702558	0.569056	1.51241	0.638422	1.5079	1.55396	1.39103	2.09258	1.53707	1.1711	0.278882	2.49181	0.189685	0.262869	1.72331	
oxy_oxy_pro_	0.569056	1.34826	1.63954	1.48755	1.576	0.858682	1.13811	1.44039	1.06404	1.30094	0.733814	0.716589	0.643872	0.58555	0.824108	0.557763	1.06792	1.01165	0.219057	0.804211	
oxy_pro_ami_	1.01892	2.25318	1.25814	1.14151	1.15441	1.38376	1.01892	1.3927	1.30642	0.921164	0.834729	1.31327	1.15288	0.629071	0.745565	0.599218	1.14729	0.475495	0.564813	1.11084	
oxy_ami_ami_	1.05209	1.66181	1.80431	1.03134	0.927109	0.685539	0.876743	1.79756	0.786892	0.956622	0.91777	0.974159	0.79361	0.40597	0.561341	0.30077	1.86472	0.584495	0.364501	0.849631	
oxy_oxy_ami_	0.713242	1.20706	1.67752	1.68373	1.11593	0.985401	1.63027	0.735037	1.02881	0.8894	1.08978	1.10949	1.23934	0.471803	0.65237	0.549284	1.08355	1.01892	0.353008	0.894839	
sma_sma_sma_	1.39385	2.22061	1.4936	2.13367	1.58827	1.80986	0.961274	1.09493	1.94891	1.56953	1.18126	1.07342	0.638998	0.639848	0.659424	0.553541	0.901988	0.672891	0.405195	0.836937	
sma_cys_cys_	6.88933	1.33001	0.693149	1.15773	1.35873	1.00807	0.765481	0.639402	0.760643	1.09772	0.592267	1.4289	0.433061	0.827052	0.315068	0.41266	1.81962	0.510321	0.282884	1.01999	
sma_sma_cys_	4.07797	2.81806	1.46866	2.16533	1.54008	1.80059	0.764619	1.25801	1.63395	1.65532	1.08267	1.18941	0.865146	0.393391	0.543948	0.582902	1.1692	0.509746	0.274717	0.951946	
sma_cys_pro_	1.77412	2.80227	2.71223	1.8456	0.909301	1.77312	1.52067	1.53964	1.13736	1.42219	1.26885	0.619532	0.860299	0.88017	0.347722	0.248415	0.792713	0.675853	0.29269	1.22804	
sma_cys_ami_	5.32235	1.6013	1.56475	1.34871	1.10073	1.56452	0.760335	0.769822	1.78727	1.5012	1.32652	1.0701	1.07537	0.391187	0.985211	0.558935	1.42688	1.18274	0.526842	0.997781	
sma_pro_pro_	0.804266	0.952773	1.65516	1.68943	1.29089	2.15139	2.4128	1.98486	1.09565	1.25363	1.73871	0.982991	1.13751	0.620683	0.367812	0.689767	1.25777	0.536177	0.278641	0.974244	
sma_sma_pro_	1.50424	2.37599	1.11444	1.5167	1.49124	1.90357	1.57945	1.14226	1.47062	1.3482	0.9927	1.32039	0.829728	0.812615	0.756721	0.552895	1.17622	0.551554	0.364804	1.09329	
sma_pro_ami_	2.58514	2.60878	1.83249	1.64921	1.3831	0.886562	1.86704	1.90852	1.05882	1.02977	1.24193	1.08512	1.09688	0.997527	0.88669	0.668652	0.718727	0.957459	0.265372	1.17431	
sma_ami_ami_	0.932782	1.71892	0.959819	1.26272	0.99811	0.927691	1.08825	1.29858	1.19598	0.896604	1.23823	1.03642	1.01144	0.839842	0.63988	0.57142	1.16701	0.932782	0.287259	0.612041	
sma_sma_ami_	2.04563	1.20132	1.38169	1.425	1.49558	1.19801	1.83582	1.41396	1.12648	1.29996	1.21749	1.31713	0.816038	0.526231	0.851565	0.784021	1.27965	1.24137	0.617856	0.810105	
cys_cys_cys_	9.66665	0.610752	0.557023	0.433188	0.657127	0.835414	1.74	0.660641	0.743656	1.71771	1.23188	1.71852	0.656254	0.596811	0.397874	0.236871	0.846577	0.193333	0.44654	1.11242	
cys_pro_pro_	0.001	7.1458	0.001	0.844717	1.70853	1.86178	0.001	1.14511	1.45013	0.940223	0.686332	2.01066	0.001	1.16378	0.001	2.21711	1.88666	0.001	0.001	0.913353	
cys_cys_pro_	6.46285	2.26851	0.591127	0.402246	0.54239	1.18208	0.001	0.545291	0.690538	0.89545	0.326825	3.67026	0.812505	0.554181	0.492606	0.351922	1.34761	0.239365	0.331716	0.652395	
cys_pro_ami_	1.885	4.46612	2.32756	3.16769	2.84755	1.93935	3.76999	0.715694	1.81266	0.587639	0.428958	0.837777	1.06641	0.727363	0.43103	0.001	1.17916	0.001	0.001	2.28338	
cys_ami_ami_	4.30857	2.55207	0.88669	1.50842	1.22038	0.886562	1.07714	0.817936	1.03581	0.671588	0.980475	0.478729	1.82814	1.24691	0.738909	0.527883	0.673806	1.79524	0.248787	0.652395	
cys_cys_ami_	4.43529	0.001	1.82554	1.24223	0.670012	1.64275	1.77412	0.673595	0.568678	1.10614	1.21117	1.57699	0.501841	1.02687	0.608513	0.001	0.001	0.001	0.204883	0.537267	
pro_pro_pro_	7.53999	5.95483	6.20683	0.001	5.6951	1.55148	0.001	0.001	0.001	2.35056	0.001	0.001	0.001	0.001	0.001	0.001	0.001	2.51333	1.74151	2.28338	
pro_ami_ami_	2.15428	0.85069	1.77338	1.50842	1.62717	1.55148	1.07714	2.04484	1.03581	1.84687	0.980475	0.478729	0.914068	0.831272	0.492606	0.263941	2.69523	0.001	0.001	0.652395	
pro_pro_ami_	0.001	1.70138	1.77338	0.001	1.22038	3.10297	0.001	1.63587	1.38108	2.35056	2.45119	0.478729	0.609379	0.831272	0.985211	2.11153	0.001	0.718094	0.001	1.30479	
ami_ami_ami_	1.67555	3.30824	1.3793	1.40786	2.05656	0.861935	0.837777	1.59043	0.671356	1.17528	0.762592	0.558518	0.473961	1.61636	0.574707	0.001	1.57222	0.279259	0.967504	0.253709	
exposed	CYS	MET	PHE	ILE	LEU	VAL	TRP	TYR	ALA	GLY	THR	SER	ASN	GLN	ASP	GLU	HIS	ARG	LYS	PRO	
bas_bas_bas_	2.7884	0.734061	1.14769	1.17146	1.14082	1.4344	0.929465	1.58804	0.595865	0.941709	0.846052	0.826192	0.657291	0.358652	1.16894	2.27755	0.290714	0.001	0.107339	0.422214	
bas_aci_aci_	0.783744	0.837437	0.493365	0.71018	0.766088	0.626103	1.06036	0.87521	0.598501	0.452727	0.398669	0.461026	0.299942	0.391371	0.295175	0.395392	0.60563	0.706907	0.670842	0.558462	
bas_bas_aci_	0.832728	0.889776	0.846784	0.754566	0.841717	0.665234	0.783744	0.92991	0.737967	0.511563	0.568497	0.478955	0.457249	0.415832	0.649649	0.792197	0.490272	0.391872	0.407297	0.563697	
bas_aci_hyp_	1.26829	0.776793	0.948162	1.10191	1.25611	0.846831	0.776506	0.933606	0.916791	0.661663	0.73627	0.63846	0.607696	0.719112	0.550431	0.811836	0.566701	0.716111	0.687505	0.76817	
bas_aci_oxy_	1.31273	0.881237	0.972562	1.05705	1.02252	0.938656	0.853274	0.660401	0.783712	0.639433	0.731889	0.69283	0.575561	0.785141	0.615355	0.860467	0.615884	0.590728	0.576081	0.586375	
bas_aci_sma_	1.17549	0.951573	1.1007	0.938307	1.16533	0.955417	0.881619	0.993039	0.993795	0.67794	0.782437	0.692234	0.723208	0.725738	0.638381	0.871324	0.790479	0.705295	0.787358	0.854356	
bas_aci_cys_	9.90877	0.001	0.001	0.616719	0.62369	0.906178	0.001	0.001	1.41163	1.54451	1.00217	1.2233	0.622862	0.424832	0.503505	0.539563	2.75486	0.001	0.508583	1.00025	
bas_aci_pro_	0.944568	1.01726	0.954275	0.865812	0.891813	0.812783	0.772829	0.749869	0.784459	0.468467	0.66439	0.725123	0.558667	0.762095	0.608694	0.694368	0.590875	0.830075	0.456166	0.52009	
bas_aci_ami_	1.00206	0.461646	0.87644	1.00568	0.953978	0.876313	0.709793	0.80848	0.869923	0.488106	0.665096	0.565978	0.543282	0.531664	0.649215	0.654783	0.287301	0.640205	0.405029	0.556344	
bas_hyp_hyp_	0.966498	1.47891	0.845336	0.89668	1.19768	1.03166	0.724874	0.894463	0.968135	0.837994	0.742299	0.765145	0.632219	0.466178	0.925449	0.754894	0.869103	0.704738	0.390655	0.768314	
bas_bas_hyp_	0.982898	0.917398	0.845888	1.10116	1.09673	1.36058	0.625481	1.01778	0.687404	0.640684	0.691351	0.992827	0.758266	0.620625	1.06247	1.09476	0.503061	0.625481	0.619144	0.541195	
bas_hyp_oxy_	1.88631	1.24146	1.01363	1.5556	1.32583	1.3585	0.995555	1.21355	1.31006	0.980083	0.930058	1.1411	0.770725	0.687434	1.21012	1.18123	1.0161	0.80343	0.568806	1.15836	
bas_hyp_sma_	1.80004	1.29524	1.16895	1.36681	1.44269	1.30871	0.960019	1.13906	1.25655	1.00384	0.901172	1.23558	0.780732	0.833495	0.951259	1.40165	1.0009	0.933352	0.683683	1.10235	
bas_hyp_cys_	9.68857	1.39122	2.17514	1.23344	1.49686	1.26865	0.880779	0.334413	0.42349	1.64747	0.601301	1.3701	0.249145	0.339866	0.402804	1.29495	4.95875	0.001	0.203433	1.86712	
bas_hyp_pro_	1.27561	0.755576	1.09382	1.6375	1.46531	1.35614	0.425204	0.524683	0.851847	0.927887	0.991801	0.661428	0.811868	0.902402	1.11813	0.885627	1.19694	0.637806	0.319179	0.804795	
bas_hyp_ami_	1.54235	1.3118	0.976651	1.17964	1.27698	1.13519	1.36439	0.923445	0.998284	0.795204	1.05295	0.68549	0.956466	0.618037	0.841005	1.04659	0.816386	0.593212	0.356236	0.754515	
bas_oxy_oxy_	2.75318	1.58136	1.13319	2.06797	1.55965	1.69954	1.75202	1.42544	1.08308	1.22892	1.53783	1.64078	0.63719	1.11066	1.05879	0.981289	1.09598	0.750867	0.578091	0.871661	
bas_bas_oxy_	1.51858	0.839529	2.06263	1.48863	1.46245	1.40614	0.607434	0.46126	0.97354	0.639106	1.41686	0.708673	0.773208	1.34774	1.18063	1.37682	0.949952	1.11363	0.455971	0.643836	
bas_oxy_sma_	1.79947	0.904375	1.07731	1.13017	1.37977	1.20058	1.36323	1.20081	1.3721	1.02846	1.19126	1.12694	0.894629	0.820608	0.77307	1.21592	0.511663	0.708882	0.717893	1.05686	
bas_oxy_cys_	24.536	2.98118	3.88418	3.1717	0.712789	1.55345	0.001	2.1498	0.604985	3.23611	1.2885	1.25826	1.60164	0.728284	0.001	1.84993	1.18065	1.25826	0.871856	2.28627	
bas_oxy_pro_	2.53579	1.17805	1.90325	1.92178	1.014	1.28911	1.19331	0.792884	1.21924	1.06953	1.05228	0.928133	1.30801	0.920927	1.02325	0.767572	1.30634	1.04415	0.620143	1.21965	
bas_oxy_ami_	1.31235	0.97548	0.794344	1.23241	1.23905	0.921306	1.00356	0.967231	0.853696	0.866367	0.790525	0.977827	0.676933	0.804274	0.970865	0.983644	0.965811	0.514646	0.499243	0.677962	
bas_sma_sma_	1.37137	1.62459	0.846672	1.41634	1.45663	1.34037	1.28566	1.26916	1.23632	0.881757	0.799692	0.819013	0.775835	1.22371	1.15633	0.94511	0.965095	0.999958	0.772065	0.830602	
bas_bas_sma_	2.52745	1.36098	1.70228	1.48013	1.27992	1.72568	0.689305	1.39581	1.25206	0.859551	0.679732	0.816955	0.90992	0.443303	1.10333	1.1542	0.862391	0.612716	0.663369	0.800196	
bas_sma_cys_	12.1954	0.802627	1.25489	0.569279	1.72714	2.3003	2.03257	1.92931	0.814403	0.792054	1.15635	1.1292	0.862424	1.17646	0.464774	0.249029	3.17868	1.35504	0.704191	2.46214	
bas_sma_pro_	1.38033	1.28834	1.39451	1.44096	1.51649	1.31685	0.627421	0.619368	1.12624	0.762822	0.514002	0.78079	0.745406	1.16209	0.860809	0.645718	1.02046	0.41828	0.666609	1.06403	
bas_sma_ami_	0.885972	0.645887	1.20619	1.16436	1.4156	0.99566	0.885972	0.931528	0.972123	0.913576	0.992568	0.84811	0.983176	0.867823	0.732438	0.935189	0.639485	0.749668	0.487969	0.86683	
bas_cys_cys_	0.001	0.001	0.001	0.001	3.67649	0.001	0.001	0.001	0.001	0.758705	0.001	2.16332	0.001	0.001	0.001	3.57815	3.04485	0.001	0.001	0.001	
bas_bas_cys_	9.48531	0.001	1.95205	1.99248	0.895555	0.487942	0.001	3.60138	1.14016	1.10888	1.61889	1.05392	0.670774	0.001	1.62671	2.90534	1.48339	0.790443	0.001	2.15437	
bas_cys_pro_	16.1843	0.001	1.90325	3.23778	0.873166	0.475743	0.001	4.38918	0.741107	0.720769	1.05228	0.513788	0.654005	0.001	1.58604	1.69962	2.8926	3.08273	0.534012	1.40034	
bas_cys_ami_	6.03142	0.001	1.655	1.12618	0.759275	1.65476	0.001	0.763335	1.28888	1.56689	0.457512	0.446772	0.5687	0.775781	0.001	0.492644	3.77296	0.670158	0.464358	0.001	
bas_pro_pro_	0.80419	1.27024	0.001	2.25237	1.36669	1.65476	0.80419	0.610668	1.03111	0.877458	0.366009	0.536126	2.04732	0.310312	0.735555	1.18235	0.503061	0.536126	0.185743	1.46123	
bas_bas_pro_	2.98328	1.76707	1.68837	1.25333	1.2675	1.91832	2.98328	1.41586	1.73323	1.33691	1.01833	1.74025	0.632908	1.43895	2.30232	1.55342	2.09947	1.24304	0.430655	0.564654	
bas_pro_ami_	0.419419	0.662486	1.1221	1.40964	1.62357	1.12193	0.419419	1.27396	0.941088	0.588383	1.04989	0.885439	0.711842	0.809204	0.767246	0.770804	0.918287	0.489322	0.387492	0.635076	
bas_ami_ami_	0.751885	0.89072	0.696311	0.737055	1.02934	0.773566	1.12783	0.856425	0.843537	0.64459	1.02661	0.375942	0.797567	1.16052	0.60175	0.506663	0.940684	0.501256	0.564403	1.25234	
bas_bas_ami_	0.833169	0.658009	1.23454	1.21344	0.881032	0.960059	1.49971	0.822476	0.667664	0.701289	0.834238	0.629506	0.471355	0.642989	0.723959	1.10246	0.208476	0.555446	0.346386	0.857868	
aci_aci_aci_	0.330292	1.56512	1.22352	2.12768	1.55923	1.15538	2.31205	1.00324	1.11166	0.308901	0.977114	0.733983	1.12115	1.65685	0.151051	0.647475	0.826458	1.21107	2.4412	1.50037	
aci_hyp_hyp_	1.43161	1.58289	1.0901	1.44347	1.68956	1.4287	1.36003	1.49477	1.28489	0.781019	0.993636	0.986218	0.74917	1.07721	0.81839	0.754218	1.11943	1.43161	1.2069	0.975471	
aci_aci_hyp_	1.06635	1.37809	1.35661	1.1675	1.28138	1.43621	0.87247	0.920163	1.02543	1.02751	1.21332	0.969411	0.658118	0.897759	0.620673	0.926419	0.909624	1.45412	1.29864	0.998148	
aci_hyp_oxy_	1.91719	1.29783	1.16487	1.2657	1.47395	1.43709	0.867302	0.831907	1.20713	0.896515	0.768692	1.04482	1.00715	1.09207	0.835033	0.894833	0.913754	1.33899	0.980515	1.13355	
aci_hyp_sma_	1.83937	1.41889	1.32048	1.66531	1.62356	1.52273	1.49716	1.07192	1.51512	1.08015	1.15838	0.941073	1.1737	1.05638	0.792287	1.09011	1.15062	1.46864	1.26463	1.11406	
aci_hyp_cys_	10.3912	1.64133	2.99387	0.582072	0.981085	1.71054	0.001	1.57813	1.66541	2.59153	1.18233	1.15458	0.293935	0.801931	0.475218	0.763875	0.650023	1.3855	0.240005	0.944052	
aci_hyp_pro_	1.49971	1.50026	1.02878	1.51213	1.26491	1.33722	1.69967	1.10085	0.913364	0.950636	1.09209	0.799843	1.30094	1.19596	0.685855	0.489981	1.3134	1.63301	0.946788	0.938608	
aci_hyp_ami_	1.14922	1.62415	1.0954	1.43995	1.55331	1.21969	0.604852	0.826738	1.14389	0.876802	0.729505	0.860233	1.02656	0.723521	0.719199	0.785524	1.17293	0.987924	1.06174	0.989124	
aci_oxy_oxy_	2.96832	0.732588	0.954488	1.40293	1.22611	1.04978	0.927601	0.845258	0.72847	0.824149	1.07655	0.865761	0.760928	0.572693	0.636325	0.863733	0.812366	0.711161	1.07124	0.758461	
aci_aci_oxy_	1.68871	1.41214	0.776836	1.61367	1.38806	1.24685	0.894024	0.905179	1.06668	0.479997	0.972028	0.838837	0.955367	1.07326	0.658721	0.8276	0.745676	1.52315	0.803025	0.872394	
aci_oxy_sma_	2.18234	1.17071	1.15246	1.28012	1.37623	1.01673	1.07058	1.04746	1.0625	0.699589	0.833951	0.869276	0.885207	0.953319	0.602592	0.867721	0.618188	1.18039	0.998597	0.710771	
aci_oxy_cys_	11.3824	0.001	0.585615	0.398495	2.14933	1.75659	1.4228	3.24124	0.912132	1.7742	0.647555	2.52942	1.20739	1.64704	0.325342	0.348641	0.890032	0.474266	1.31449	1.29262	
aci_oxy_pro_	1.84733	1.36777	1.28309	1.00246	1.09009	1.2829	1.15458	0.964413	0.851209	0.755863	0.972141	0.487489	0.849145	0.757379	0.501619	0.50925	1.08337	0.923664	0.933354	0.839157	
aci_oxy_ami_	1.68717	1.08572	1.51746	1.33011	0.967562	1.17007	0.687365	0.735484	0.781167	0.905832	0.739438	0.805397	0.901466	1.01271	0.628701	0.612477	0.547249	0.770682	0.880398	0.738019	
aci_sma_sma_	2.3951	1.46444	1.59002	1.47147	1.4881	1.04926	1.15892	0.762697	1.56023	0.806876	1.00217	1.04732	0.896047	1.01364	0.901009	0.889805	1.06328	1.31344	0.910095	1.05289	
aci_aci_sma_	1.74311	0.764807	1.31533	1.24765	1.42632	1.53433	0.677877	0.735359	1.42789	0.633975	1.14594	0.796237	0.931358	0.934186	0.686454	0.925449	0.787515	1.32347	1.23018	0.967776	
aci_sma_cys_	14.9603	0.001	3.35867	0.380915	0.513627	0.839547	0.001	2.58187	1.52581	0.847964	1.85696	2.41783	0.001	1.04959	0.932965	0.333259	2.5523	1.36003	1.57062	0.411866	
aci_sma_pro_	2.05769	0.902831	1.12925	1.31272	0.99297	1.34078	1.82906	0.99828	1.02601	0.73057	1.04057	0.939933	0.937757	1.32333	0.496659	0.784333	0.858127	1.44801	1.13535	0.969335	
aci_sma_ami_	1.08937	1.13204	1.08555	1.25256	1.36415	1.17977	1.03204	0.783684	0.918918	0.849015	1.0177	1.01929	0.729826	0.84071	0.82596	0.758666	0.753189	1.14671	0.97996	1.02443	
aci_cys_cys_	0.001	0.001	0.001	0.001	0.001	0.001	0.001	0.001	0.001	1.44154	1.05228	1.02758	1.30801	1.7843	0.001	0.001	2.8926	0.001	0.001	0.001	
aci_aci_cys_	12.7561	2.51859	0.001	0.893179	2.40873	1.3124	0.001	0.001	0.511108	2.48541	1.45142	0.708673	1.80415	0.001	1.45843	1.56287	1.9949	1.06301	0.736568	2.89726	
aci_cys_pro_	7.70682	0.001	0.001	2.15852	1.45528	2.37872	0.001	2.92612	1.23518	0.600641	0.876898	1.71263	2.18002	0.001	1.76227	0.001	0.001	6.42235	1.78004	4.66781	
aci_cys_ami_	13.701	0.001	0.001	5.75605	2.58716	1.40961	0.001	1.3005	1.6469	0.001	0.001	0.001	0.968896	0.001	0.78323	0.001	0.001	0.001	2.37339	0.001	
aci_pro_pro_	2.59295	0.682608	0.711495	0.484153	0.489626	0.88924	0.001	0.984488	0.554099	0.538893	0.983436	1.34449	0.001	1.00054	0.79055	0.211791	2.70337	0.576211	0.798522	1.04699	
aci_aci_pro_	1.28447	1.62309	1.05736	0.935357	2.03739	1.53295	1.02758	0.585224	1.27635	1.24132	0.584598	0.570875	0.726672	1.0904	0.411196	0.62949	1.1249	1.11321	0.949354	0.466781	
aci_pro_ami_	1.43941	1.42099	0.81462	1.00787	1.52889	0.666411	1.43941	1.43459	1.15347	0.729183	0.900782	0.759686	0.916116	0.763706	0.493709	0.484977	1.01297	0.899629	0.789589	1.41669	
aci_ami_ami_	0.806997	0.764807	1.12933	0.9945	0.853356	0.96311	0.806997	0.49024	0.64669	0.528313	0.587659	0.753197	0.456548	0.68507	0.775029	0.474589	0.706744	0.645597	0.67101	0.439898	
aci_aci_ami_	1.41626	1.00666	1.04926	1.62633	1.47088	0.990828	0.849756	0.699042	0.885243	0.816798	1.03133	0.629449	0.600923	1.03833	0.453386	0.763485	0.177189	1.03859	1.07947	0.772011	
hyp_hyp_hyp_	0.859297	1.1028	1.50315	1.47411	1.56176	1.34822	0.966709	0.897207	1.13619	0.904101	0.904396	0.954774	0.729204	0.911835	0.343857	0.631683	0.604725	0.644473	0.570605	0.780679	
hyp_oxy_oxy_	2.66863	0.726757	1.43927	1.57217	1.23373	1.458	1.19628	1.18792	1.06188	1.09012	1.44492	1.26785	1.24944	1.13627	0.778554	0.721564	1.38154	0.920217	0.765151	1.00323	
hyp_hyp_oxy_	2.22416	1.92655	1.24029	1.76834	1.6935	1.26963	1.14795	1.471	1.33388	0.995322	1.14289	1.30739	1.2177	0.858234	0.672642	0.89662	0.98739	0.837048	0.679425	1.12983	
hyp_oxy_sma_	2.35486	1.28495	1.30408	1.23515	1.50379	1.44485	1.15602	1.1867	1.55084	1.06113	1.32509	1.25593	1.4049	0.991275	0.881134	1.00718	1.36595	0.913401	0.850463	1.16695	
hyp_oxy_cys_	18.253	1.92208	1.00171	2.04491	1.60846	2.00313	1.21687	1.84807	1.17017	0.948381	1.10766	0.811244	1.03264	0.939103	1.39126	0.596359	1.52242	1.62249	0.281059	0.001	
hyp_oxy_pro_	1.2653	1.27182	1.32565	1.57862	1.49872	1.1361	1.15027	1.57224	1.29048	1.36265	0.968514	0.996902	0.748364	1.68665	0.94689	0.732839	1.22324	0.958559	0.398516	1.04503	
hyp_oxy_ami_	0.929465	1.52055	1.09304	1.22724	1.61721	1.33878	0.863075	0.932661	0.947	1.12798	1.22375	0.988479	0.976547	1.20405	0.774234	0.699534	0.664489	0.752424	0.644034	0.904744	
hyp_sma_sma_	2.75673	1.60696	1.10764	1.26845	1.45011	1.51265	1.18146	1.14636	1.54638	1.11517	1.07543	1.57528	1.24396	1.26636	1.12565	1.07759	0.78012	0.984547	0.803481	1.66968	
hyp_hyp_sma_	1.8253	2.01818	1.30222	1.39736	1.58549	1.58998	0.851806	1.13195	1.61873	0.929413	1.23227	1.27095	0.998218	0.798238	0.890409	1.13308	1.52242	0.953212	0.997759	1.19766	
hyp_sma_cys_	9.56708	2.51859	0.984439	0.893179	0.602183	0.820247	1.59451	1.21081	1.27777	1.24271	0.907135	1.06301	1.12759	1.84582	0.364607	1.17215	1.49617	0.531505	0.001	1.20719	
hyp_sma_pro_	2.65045	1.12138	1.09091	1.45816	1.57295	1.44135	0.567954	1.0782	1.30471	0.796756	1.12013	0.883484	0.990714	0.803572	0.822512	1.04378	1.12507	0.757272	0.612173	1.08931	
hyp_sma_ami_	1.746	1.51238	0.950465	1.59325	1.47832	1.32119	0.732195	1.04784	1.46236	1.19397	1.43551	1.25161	1.03557	1.15186	1.13335	0.979888	0.775119	0.84484	0.793538	1.19396	
hyp_cys_cys_	30.8273	2.70515	1.40981	0.959341	0.64679	0.001	0.001	2.60099	0.548968	3.20342	0.779464	1.52233	0.968896	0.001	0.78323	0.83932	0.001	0.001	0.791129	3.11187	
hyp_hyp_cys_	22.4956	2.96104	1.02878	0.35003	2.35991	0.514317	0.001	1.42352	2.80419	1.36362	1.99079	1.11089	0.001	1.44673	0.857319	1.83743	0.001	1.66634	0.288655	0.756942	
hyp_cys_pro_	1.74494	0.001	0.001	2.93232	0.658993	1.79526	1.74494	2.65007	0.559326	0.815965	0.397086	0.387764	0.493589	0.673319	0.399004	0.001	2.1831	1.74494	0.806055	1.05686	
hyp_cys_ami_	20.1047	1.5878	1.655	0.001	1.89819	0.001	0.001	0.763335	2.57776	1.88027	1.83005	0.893544	1.7061	0.001	0.919444	1.97058	5.03061	0.670158	1.39307	1.82653	
hyp_pro_pro_	1.5854	0.834732	0.870057	1.1841	0.997904	1.08741	1.5854	2.00648	0.84698	1.15323	1.44312	1.05694	1.04641	1.0196	0.725047	0.25899	0.001	1.5854	0.488239	0.800196	
hyp_hyp_pro_	2.05515	1.51488	1.07146	0.84422	1.34532	0.845766	0.68505	0.936358	1.31752	0.704752	0.841822	0.882954	0.968896	0.634416	0.595255	0.940038	0.685654	1.59845	0.379742	0.9958	
hyp_pro_ami_	1.56749	1.35049	0.99708	1.15742	1.3454	0.967613	1.28249	1.19029	1.05057	0.821833	0.843119	0.854994	0.886786	0.439888	0.782023	0.593602	1.15882	0.807494	0.592432	0.647308	
hyp_ami_ami_	0.965028	1.0162	0.926799	1.17123	1.39707	0.926665	0.482514	1.4656	1.00533	0.777177	0.988225	1.00077	1.0919	0.930937	0.772333	0.748819	1.00612	0.911415	0.705824	1.12027	
hyp_hyp_ami_	1.84769	1.61285	0.880578	1.11671	1.57923	1.06054	0.875222	1.10768	1.30921	0.757907	0.973716	1.31824	1.32039	1.16326	0.667104	0.953171	0.912493	0.875222	0.606449	1.1191	
oxy_oxy_oxy_	1.90903	0.167521	1.04766	0.831722	1.36182	1.09115	0.848457	1.12749	0.849893	0.727382	1.68944	1.50837	0.840006	0.491091	0.436525	0.779643	1.06151	0.424228	0.342943	1.28472	
oxy_sma_sma_	2.52092	1.47898	0.800432	1.23056	1.27847	1.42278	0.936342	0.984488	1.59303	1.01042	1.08178	1.20044	0.631593	0.861576	0.938778	0.900112	0.720898	0.912334	0.632163	1.43961	
oxy_oxy_sma_	2.76847	0.886396	1.10869	1.02687	0.960765	1.20091	0.897882	1.16477	1.1992	0.79308	1.10676	1.23043	0.719617	0.779547	0.547501	0.843394	1.40418	0.523764	0.483894	0.906371	
oxy_sma_cys_	5.13788	3.24618	0.001	0.575605	2.13441	1.05721	0.001	1.5606	0.823452	0.961026	1.1692	1.14175	0.872006	0.79302	2.34969	0.251796	0.642801	0.68505	1.18669	0.933562	
oxy_sma_pro_	2.97529	0.979075	1.07153	1.18053	1.17046	1.403	1.98352	1.08259	1.01331	0.888884	1.21308	1.15706	1.01695	1.10024	0.793729	0.789816	1.70609	0.867792	0.6013	1.01365	
oxy_sma_ami_	1.74494	0.933548	1.27424	1.38734	1.13729	1.34355	1.18206	1.00446	1.24495	0.903703	1.46025	1.23834	1.11455	0.912239	0.888106	0.703435	0.669013	1.01319	0.650045	1.07391	
oxy_cys_cys_	11.9331	0.001	0.001	2.50666	2.81666	1.22772	0.001	2.26538	1.91253	1.86005	0.001	0.001	0.001	0.001	1.36434	0.73102	0.001	0.001	0.001	1.80689	
oxy_oxy_cys_	27.402	0.001	1.40981	0.959341	1.61697	1.05721	1.71263	3.90149	1.37242	1.60171	1.55893	1.52233	1.45334	2.6434	1.56646	1.67864	3.214	2.2835	0.395564	1.55594	
oxy_cys_pro_	15.7896	1.78144	2.78524	1.89528	0.425935	1.39242	0.001	1.71285	0.361516	1.05478	1.02661	4.51131	1.91416	0.001	1.03157	1.65817	1.41103	0.751885	1.56296	2.04928	
oxy_cys_ami_	16.0838	0.001	0.8275	0.001	2.65746	0.41369	0.001	0.763335	0.966661	0.940134	1.83005	0.893544	3.9809	0.775781	0.459722	0.492644	0.001	0.670158	0.001	2.43538	
oxy_pro_pro_	2.43373	0.640693	2.00342	1.59049	1.07231	1.33542	1.62249	0.924037	0.910131	0.885155	1.66149	1.98304	0.458951	0.626069	0.371004	1.98786	0.507474	0.001	0.74949	0.982697	
oxy_oxy_pro_	2.62732	1.65998	1.51395	1.25096	1.63719	1.72998	1.83913	0.99754	0.968492	1.26954	1.43492	1.51801	1.04046	1.31795	0.781005	0.708176	1.15047	1.22608	0.97093	1.03434	
oxy_pro_ami_	1.83496	1.44919	1.66157	1.79876	1.10878	1.13272	2.01845	1.32372	1.14695	1.25849	1.50325	1.01942	0.934293	1.2745	0.755257	0.899271	1.14786	0.672817	0.550965	1.00025	
oxy_ami_ami_	1.24495	0.702298	1.39084	1.04605	1.17542	1.06127	0.711399	1.55309	1.14016	0.914823	0.809444	1.18566	0.855237	0.686268	0.772687	0.479381	1.11254	0.711399	0.657245	0.700172	
oxy_oxy_ami_	2.04446	0.759834	1.13848	1.21259	1.31713	1.31154	0.721575	0.867562	1.23357	0.824808	1.36837	1.1759	0.986535	1.06733	0.687491	0.589379	0.827533	0.841837	0.694424	0.910496	
sma_sma_sma_	2.33802	0.307749	1.01578	0.873108	1.25088	0.801815	0.649451	0.887699	2.93528	1.31601	1.47792	1.41436	0.955288	1.15278	1.06924	0.891188	0.243759	0.909231	1.11002	1.2194	
sma_cys_cys_	11.0978	2.92156	1.5226	0.001	1.39707	0.761189	0.001	0.001	0.001	0.576615	0.841822	1.64412	1.04641	0.001	0.001	0.001	0.001	1.23309	0.001	0.001	
sma_sma_cys_	10.2758	1.15935	1.81262	1.64458	1.66317	0.001	0.001	2.78678	0.941088	1.14408	0.668112	1.95729	0.830482	0.566443	1.34268	0.719417	1.83657	0.001	0.67811	1.77821	
sma_cys_pro_	27.402	0.001	2.81963	6.71539	1.29358	1.40961	0.001	1.3005	2.19587	0.533903	0.001	0.761167	0.968896	0.001	0.78323	0.83932	8.57068	0.001	0.001	0.001	
sma_cys_ami_	8.67017	4.56494	2.37906	0.404722	0.272864	1.4867	1.44503	1.09729	1.38958	1.35144	1.31535	0.321117	1.63501	1.67278	1.3217	0.708176	0.903938	0.963352	0.667515	2.62564	
sma_pro_pro_	2.23746	1.17805	0.920927	1.25333	1.12667	1.38119	0.745821	1.41586	0.3586	1.04628	1.01833	0.662952	0.421939	0.863369	0.85271	0.548265	1.39965	1.24304	0.344524	0.225862	
sma_sma_pro_	3.04099	0.706374	0.809893	1.60323	1.11468	1.3619	0.894408	1.22252	1.74884	0.948014	0.976969	1.27205	1.1132	0.96635	0.818074	0.569828	0.559498	0.954035	0.950272	1.08344	
sma_pro_ami_	3.4195	1.22755	0.959621	0.69653	1.40881	1.08741	1.08802	1.82944	1.19574	0.896419	0.813525	0.828969	1.1871	0.479811	0.639748	0.647475	0.875073	1.08802	0.682099	1.12969	
sma_ami_ami_	0.490186	0.645221	0.739779	1.46444	1.01818	1.4121	0.980373	0.86853	1.20463	0.738598	1.07831	1.19823	0.970608	1.38709	0.597801	1.20115	0.408848	0.816977	0.830266	0.989642	
sma_sma_ami_	2.44176	1.28562	1.34002	1.25379	1.47929	1.57011	2.23828	1.58377	1.89149	1.14181	1.64382	1.15306	1.15116	1.33479	0.953835	0.947351	1.08194	1.0174	0.845959	1.1708	
cys_cys_cys_	30.8273	0.001	6.34416	0.001	0.001	0.001	0.001	0.001	0.001	0.001	0.001	10.2758	0.001	0.001	3.52453	0.001	0.001	0.001	0.001	4.66781	
cys_pro_pro_	0.001	0.001	0.001	5.18044	6.98533	0.001	0.001	0.001	2.96443	0.001	4.20911	4.1103	0.001	0.001	0.001	0.001	0.001	6.16545	0.001	0.001	
cys_cys_pro_	8.40744	0.001	0.001	0.001	0.001	0.001	0.001	4.78819	0.673734	0.655245	1.91323	0.001	0.001	1.62209	1.92247	0.001	0.001	0.001	0.001	0.001	
cys_pro_ami_	9.73493	3.84416	0.001	0.001	0.919122	1.00156	0.001	0.001	2.34034	0.758705	0.001	5.40829	0.001	1.87821	0.001	2.38544	0.001	1.62249	1.12424	5.89618	
cys_ami_ami_	23.1205	4.56494	0.001	1.61889	2.18292	2.37872	5.78011	4.38918	1.85277	1.80192	1.31535	0.001	0.001	4.46074	2.6434	1.41635	3.61575	0.001	0.001	3.50086	
cys_cys_ami_	0.001	0.001	0.001	0.001	0.001	0.001	0.001	0.001	1.6469	0.001	0.001	2.2835	0.001	0.001	0.001	2.51796	0.001	0.001	0.001	6.22375	
pro_pro_pro_	0.001	0.001	0.001	0.001	2.18292	2.37872	0.001	0.001	0.001	0.001	2.63069	0.001	0.001	0.001	5.2868	0.001	0.001	0.001	2.67006	0.001	
pro_ami_ami_	0.797257	0.314823	1.31259	1.11647	1.05382	0.984296	0.398629	0.605404	0.702774	0.497082	0.816422	0.885841	0.902076	1.07673	0.911518	0.488397	0.997449	0.664381	0.828639	1.20719	
pro_pro_ami_	0.943692	2.23589	0.776836	0.528616	0.534591	0.776724	0.943692	1.7915	0.453739	1.02967	0.001	1.04855	1.06776	1.09243	0.431576	1.15621	0.001	0.943692	0.871856	0.857353	
ami_ami_ami_	0.001	0.001	0.450473	0.919605	0.826666	1.46383	0.001	0.415543	0.52623	0.426491	0.373589	0.486426	2.01232	1.0558	0.001	1.07274	0.68464	0.36482	0.126393	0.828605	
combine	CYS	MET	PHE	ILE	LEU	VAL	TRP	TYR	ALA	GLY	THR	SER	ASN	GLN	ASP	GLU	HIS	ARG	LYS	PRO	
bas_bas_bas_	1.48601	0.502971	0.699008	0.713484	0.641377	1.26677	0.63686	0.96721	0.884608	0.562525	0.579706	0.896322	0.300246	0.409575	1.8446	0.728259	0.929573	0.495336	0.343222	0.578593	
bas_aci_aci_	0.439878	0.738228	0.826047	0.708404	0.794282	0.712787	1.01722	0.782872	0.616872	0.509952	0.744498	0.598723	0.528818	0.466773	0.565786	0.5322	0.945884	1.27381	0.774688	0.632753	
bas_bas_aci_	0.576443	0.758758	0.746931	0.663736	0.673254	0.711678	0.81129	0.867347	0.585117	0.542438	0.583012	0.479183	0.501251	0.510769	0.800632	0.936441	0.587635	0.612025	0.251488	0.556031	
bas_aci_hyp_	0.709031	0.988379	0.922966	0.977372	1.05335	0.946563	0.785914	0.82383	0.819419	0.613844	0.614297	0.576147	0.515905	0.59828	0.639728	0.701241	0.785538	0.771677	0.498199	0.63252	
bas_aci_oxy_	0.73324	0.849329	0.945631	0.992597	0.909204	0.880114	0.818784	0.900146	0.765819	0.71623	0.842638	0.673494	0.584206	0.542292	0.729343	0.688743	0.787398	0.74546	0.657665	0.680958	
bas_aci_sma_	1.01105	0.920173	0.887774	1.15697	0.967314	0.968881	0.95328	0.990766	0.983058	0.833006	0.76255	0.781026	0.787169	0.687381	0.717794	0.712569	0.710771	0.873038	0.600487	0.819407	
bas_aci_cys_	6.52414	0.536723	1.2867	0.761364	1.07796	0.75513	1.90287	0.825693	0.697086	0.953376	1.0207	0.724904	1.03808	0.472025	0.776996	0.932556	1.10532	0.543678	0.596472	0.90555	
bas_aci_pro_	0.623994	0.637754	1.01222	0.884119	0.921836	0.876125	1.28469	1.26821	0.723588	0.772388	0.768463	0.628073	0.726799	0.594869	0.671457	0.593623	1.1251	0.734111	0.305203	0.566905	
bas_aci_ami_	0.658768	0.822367	0.743462	0.821354	0.806561	0.712746	0.892524	0.831045	0.786751	0.662477	0.715709	0.741409	0.703301	0.770795	0.621981	0.593623	0.771012	0.807522	0.485915	0.695028	
bas_hyp_hyp_	1.0534	1.2726	1.36209	1.39973	1.49866	1.23224	0.860998	0.854696	0.962096	0.752754	0.697256	0.624237	0.548326	0.619921	0.794115	0.96767	0.683027	0.503452	0.359955	0.818641	
bas_bas_hyp_	1.02788	1.1365	1.09293	1.08437	1.19368	1.00464	0.805171	0.96265	0.774272	0.734332	0.756302	0.666217	0.605738	0.667655	1.00675	1.30553	0.878752	0.325494	0.304674	0.700377	
bas_hyp_oxy_	1.31978	1.34012	1.18765	1.26046	1.35597	1.22964	1.10665	1.0053	1.04184	0.849702	0.928983	0.85617	0.746647	0.68007	1.04594	0.891852	0.805076	0.560154	0.439256	0.930924	
bas_hyp_sma_	1.32344	1.21046	1.18418	1.42407	1.47276	1.32716	1.00435	1.01092	1.15696	0.89446	0.897551	0.860208	0.714687	0.765005	1.04423	1.04723	0.749346	0.61377	0.468782	0.917215	
bas_hyp_cys_	6.41222	1.3574	1.49647	1.33306	1.47295	1.1562	0.925475	1.12945	1.0171	1.11283	0.917635	0.969545	0.934956	0.637701	1.10346	0.826117	0.785692	0.550878	0.534391	0.760726	
bas_hyp_pro_	0.834934	1.13479	1.11887	1.22362	1.24662	1.06677	1.18444	1.10584	0.89003	0.771781	0.760004	0.850036	0.70853	0.936557	0.790316	1.06102	0.80166	0.614874	0.363265	0.911431	
bas_hyp_ami_	0.778638	1.02213	0.931132	1.03735	1.061	0.933162	0.883859	0.747071	0.885355	0.738051	0.799749	0.673416	0.633969	0.535942	0.861358	0.928199	0.677959	0.589239	0.381556	0.723332	
bas_oxy_oxy_	1.13161	1.00203	0.973867	1.11409	1.06193	1.06545	1.23448	1.06761	0.895826	1.15988	1.02225	1.18114	0.882689	0.621899	0.987981	0.82346	0.686426	0.742974	0.491052	0.913844	
bas_bas_oxy_	1.18255	1.05576	1.01579	1.00802	0.747572	0.973321	0.822644	1.28841	0.856998	0.873551	1.01792	0.731239	0.770819	0.793583	1.10514	1.43626	0.90056	0.548429	0.439388	0.74738	
bas_oxy_sma_	1.14644	1.21883	1.04658	1.25967	1.21563	1.25208	1.04355	0.909622	1.03649	1.0195	1.0168	1.00273	0.843989	0.816694	1.05532	1.02284	1.08493	0.769192	0.492242	0.916921	
bas_oxy_cys_	6.55576	0.796541	1.38375	1.74197	1.30141	1.34896	1.84906	0.95734	0.942934	1.33628	0.803307	0.859159	0.903434	0.778359	0.807188	0.823803	1.15668	1.23271	0.543552	1.06902	
bas_oxy_pro_	1.41077	1.3713	0.89333	0.957423	1.05534	1.13883	0.813906	1.2979	0.947903	1.0403	1.09895	0.904339	0.706033	0.795622	1.005	0.983896	0.610967	0.596864	0.451169	0.870897	
bas_oxy_ami_	1.02108	1.18722	0.758823	1.08833	1.02297	0.962982	0.992718	0.883056	1.01372	0.897478	1.00045	0.768963	0.754172	0.88651	0.810708	0.785364	0.58551	0.718539	0.360309	0.815999	
bas_sma_sma_	1.47998	1.1977	1.04533	1.26912	1.44562	1.43618	0.822211	0.992027	1.46711	1.05376	0.960476	0.978532	0.987162	0.810791	1.0069	1.02975	0.822935	0.645588	0.510635	0.863184	
bas_bas_sma_	1.19912	1.30624	1.05518	1.27391	1.13215	1.09757	1.15777	1.16175	0.994056	0.986113	0.978593	0.854546	1.01758	0.686079	1.23861	1.4185	0.905307	0.606452	0.248309	0.864017	
bas_sma_cys_	7.76105	0.988615	1.70025	0.876494	1.41824	1.15909	1.37696	0.998078	1.24387	1.61948	1.05398	1.39087	1.06227	0.869444	1.17357	0.705491	1.72272	0.458987	0.607159	1.09935	
bas_sma_pro_	1.47479	1.10651	1.21403	1.13591	1.14179	1.11523	1.69601	1.14789	1.11683	1.02871	0.813855	0.901263	0.803058	0.682894	1.07071	0.939593	0.668855	0.848006	0.383211	1.0049	
bas_sma_ami_	1.11428	1.17922	1.1374	1.19216	1.10254	1.07762	1.35942	0.87998	1.12152	1.07685	1.04978	1.02513	0.825807	0.834132	1.07014	0.835505	0.892206	0.64628	0.488991	0.904348	
bas_cys_cys_	4.23603	1.30102	0.968625	0.856861	0.888765	0.484242	0.47067	0.446759	0.867499	0.80701	0.963968	0.575263	0.865395	0.454043	0.699563	0.518996	2.35542	0.31378	0.815328	1.5679	
bas_bas_cys_	10.1016	1.22738	2.07889	1.41463	0.807015	0.879402	1.94262	1.77018	0.373615	1.45345	0.972557	0.777049	0.219803	0.749599	0.710731	0.856833	2.67346	0.906558	0.269212	0.941275	
bas_cys_pro_	9.07436	1.92948	2.15478	1.46627	1.25218	1.00542	0.698027	0.662566	1.23061	1.41444	0.635384	0.853145	1.1847	0.538695	1.27691	0.855219	2.83823	0.349014	0.322446	0.845553	
bas_cys_ami_	6.73443	1.02281	0.959487	1.23327	0.978201	1.27913	1.03607	1.08177	1.20387	1.29195	0.648371	0.978507	1.09901	0.699626	0.829186	0.444284	1.29622	0.518033	0.418774	1.01972	
bas_pro_pro_	0.588337	0.464649	1.81617	1.23586	1.44424	1.33167	1.47084	0.670138	0.895787	0.550234	0.870249	0.653708	0.582477	0.454043	0.807188	0.504579	0.920087	0.686394	0.33972	1.06902	
bas_bas_pro_	0.748793	0.591372	0.431478	0.964717	0.933203	1.10936	1.49759	1.42151	0.624051	1.00376	0.954231	0.665594	0.720154	0.63566	1.19855	1.39447	0.374726	0.449276	0.380486	1.08846	
bas_pro_ami_	0.512052	1.50206	0.903247	1.0039	0.994533	0.978376	0.658353	0.944304	0.703432	0.85516	0.582623	0.764014	0.910444	0.818568	0.819613	0.645288	0.686388	0.78027	0.388596	0.731035	
bas_ami_ami_	0.437193	0.966786	1.04369	0.808161	0.80904	1.02555	1.39902	0.962761	0.980971	0.695094	0.75612	0.738371	0.469939	0.708538	0.899731	0.792757	0.82046	0.46634	0.302935	0.582552	
bas_bas_ami_	0.739825	0.714131	0.812021	0.943954	0.931341	0.794989	0.822028	0.936321	0.961755	0.538153	0.785669	0.748959	0.744083	0.570952	1.20299	1.06757	0.565642	0.602821	0.436686	0.846396	
aci_aci_aci_	0.5528	2.18292	1.36518	2.32242	1.14824	0.682489	1.382	1.04943	1.32897	0.861665	0.817684	0.675645	1.48551	0.426618	0.632026	0.677288	1.38322	1.84267	1.40448	0.585928	
aci_hyp_hyp_	0.946202	1.51606	1.45974	1.67777	1.61832	1.29145	1.36144	1.01573	1.26338	0.813831	0.930995	0.909141	0.697047	0.703954	0.558805	0.622175	0.97514	1.19807	0.89147	0.927662	
aci_aci_hyp_	1.00839	1.17649	1.31117	1.48275	1.37618	1.14122	1.30633	0.913655	1.18273	0.914506	0.938756	0.784304	0.726071	0.619035	0.759873	0.606506	1.03222	1.66537	1.26511	0.818967	
aci_hyp_oxy_	0.980969	1.11831	1.25341	1.29251	1.32242	1.17249	0.998029	1.01372	1.07183	0.958655	0.92205	0.845434	0.757655	0.878838	0.649529	0.691863	1.01385	1.16863	0.868861	1.02555	
aci_hyp_sma_	1.32429	1.34541	1.22321	1.45054	1.42174	1.2806	1.01343	1.06463	1.24458	0.955545	1.03708	0.945035	0.789651	0.866068	0.702308	0.697758	1.00732	1.31807	0.999466	0.965894	
aci_hyp_cys_	6.05067	1.61856	1.36572	1.36667	1.67696	1.22495	1.26869	1.14866	1.12616	0.98877	0.999375	1.23616	0.910984	0.828467	0.602522	0.478274	1.64831	1.20363	0.834004	1.06395	
aci_hyp_pro_	0.925042	1.11107	1.35639	1.20366	1.27004	1.04689	1.07922	1.02439	1.07486	0.684896	0.938507	0.770868	0.730482	0.617218	0.612536	0.524177	0.988545	1.22054	0.854625	0.852081	
aci_hyp_ami_	0.832602	1.15311	1.21681	1.10852	1.13244	0.955928	1.2308	0.879642	0.928291	0.769275	0.8128	0.70255	0.723617	0.768268	0.634619	0.514485	0.905799	1.06187	0.869555	0.840474	
aci_oxy_oxy_	1.44763	0.793303	1.16735	1.00122	1.05437	1.02129	1.32946	1.03197	0.942257	0.930214	1.06224	0.827218	0.844049	0.946194	0.655285	0.51399	1.03493	0.974935	0.921192	0.957312	
aci_aci_oxy_	1.45183	0.802625	0.816673	1.24699	0.986936	1.04559	1.25825	1.06571	0.721328	0.82977	0.93609	0.77431	0.616016	0.765631	0.564367	0.450623	0.999014	1.62928	1.11776	0.806057	
aci_oxy_sma_	1.40039	0.990574	1.18787	1.23123	1.11293	1.11503	1.26644	1.19285	1.08708	0.98322	1.01146	1.00666	0.8887	1.01025	0.746247	0.707187	1.14263	1.22991	0.846588	1.06944	
aci_oxy_cys_	7.82959	1.60772	0.644522	0.745587	1.33061	0.934422	1.25273	1.54582	0.828204	0.976335	1.14031	0.93955	0.930192	0.966784	0.680329	0.613937	1.17547	1.04394	0.614854	1.18554	
aci_oxy_pro_	0.835992	1.04248	1.0866	0.985869	0.814227	0.95969	1.31999	1.13599	0.754548	0.843575	0.841069	0.67466	0.79655	0.865883	0.543299	0.592988	1.43125	1.15866	0.843493	0.892754	
aci_oxy_ami_	0.790032	0.845339	0.965029	0.949326	0.899902	0.886229	1.32522	0.735383	0.874081	0.885845	0.893115	1.02506	0.90111	0.570363	0.588574	0.636969	0.98841	0.832507	0.788756	0.902978	
aci_sma_sma_	1.23073	1.50876	1.14166	1.32736	1.40133	1.31536	1.30421	0.983388	1.37487	1.18252	1.16208	1.03275	1.01323	0.857659	0.861072	0.522134	1.1261	1.29196	0.975823	0.995749	
aci_aci_sma_	1.03824	1.15403	1.37697	1.43241	1.13274	1.20269	0.615255	0.992798	1.18945	0.965008	0.997571	0.769069	0.772286	0.771576	0.66826	0.678426	0.986237	1.82013	1.03914	1.00148	
aci_sma_cys_	7.27577	1.08418	1.52558	1.46106	1.3998	1.04516	1.09823	1.35517	1.16609	1.15549	1.24959	1.31177	1.08729	0.900519	0.596422	0.605495	1.45987	1.46431	0.824387	1.41348	
aci_sma_pro_	1.48473	1.14467	1.10581	0.970298	1.12812	1.25113	1.13122	1.07376	0.929174	0.953267	0.933169	0.974109	0.969962	0.763884	0.670924	0.545725	0.928775	1.5083	0.808329	1.01702	
aci_sma_ami_	1.12245	0.886471	0.957585	1.12031	1.09829	1.14642	1.14286	1.12354	1.05975	1.07202	0.979918	0.893423	0.923651	0.834737	0.844654	0.565089	1.00854	1.08163	0.796608	0.94559	
aci_cys_cys_	5.51566	0.580811	0.605391	0.823904	0.208304	0.756629	0.735422	0.837673	0.7072	0.974373	0.585745	1.55256	0.728097	0.567554	0.84082	0.360414	0.230022	0.735422	0.25479	1.11356	
aci_aci_cys_	6.33594	0.001	2.08627	1.77456	0.83749	1.04298	0.001	1.68394	0.507733	0.9876	0.576733	1.83038	0.358448	1.95588	0.579519	0.31051	0.396345	1.47839	0.731704	1.15125	
aci_cys_pro_	4.43516	1.00078	1.04313	0.177456	1.07677	1.69485	0.001	0.481125	1.01547	1.58016	2.01857	1.40799	1.43379	0.977939	0.579519	0.31051	1.98173	1.68958	0.585363	0.383751	
aci_cys_ami_	4.08915	0.922707	1.32241	1.3089	0.661846	1.02172	1.16833	1.21987	1.35756	1.09266	1.26288	1.42796	0.826209	0.225411	0.534309	0.143143	1.27899	1.07097	0.674621	1.23834	
aci_pro_pro_	1.43999	0.227451	0.829766	0.564634	0.978885	0.711125	2.87997	1.20281	0.830837	0.583582	0.91753	0.703993	0.896119	0.777906	0.460981	0.211712	2.16188	1.82398	0.93126	1.39546	
aci_aci_pro_	0.148677	0.821942	1.46867	0.666262	1.17914	0.856602	1.48677	1.01609	1.07229	0.787941	0.845841	0.825985	0.883179	0.51633	0.509956	0.692203	1.20907	2.92399	0.995858	0.765423	
aci_pro_ami_	1.51729	1.14124	1.18954	1.09276	0.818599	0.951494	0.72252	1.12474	0.868491	0.85592	1.16738	0.770688	1.10364	0.808515	0.644334	0.743591	1.22033	0.867024	0.884464	0.787699	
aci_ami_ami_	0.791993	0.796077	1.06684	0.947778	0.815737	0.770386	1.36799	1.23015	0.7616	1.01005	0.819223	0.783993	1.30345	1.22242	0.806717	0.599849	0.855745	0.719993	0.615297	0.981181	
aci_aci_ami_	0.377831	0.895196	0.870874	1.48152	1.08446	0.964042	1.05793	0.803346	0.78722	0.659608	1.01457	0.839625	1.00464	0.641492	0.725728	0.7777	0.803599	1.13349	1.02976	0.915369	
hyp_hyp_hyp_	1.2423	1.67882	2.00439	2.12322	2.28849	1.91321	1.17604	1.10686	1.23002	0.754768	0.89711	0.770533	0.552881	0.671112	0.5896	0.63047	0.804752	0.647836	0.512654	0.894552	
hyp_oxy_oxy_	1.22811	0.930057	1.40565	1.4277	1.35012	1.45738	1.49728	1.00922	1.13784	0.87585	1.14469	1.16642	0.837549	1.03866	0.884785	0.750273	0.999768	0.734621	0.606167	0.983283	
hyp_hyp_oxy_	1.41391	1.66404	1.89421	1.75679	1.89248	1.58874	1.32381	1.06314	1.28856	0.889123	0.949494	0.973411	0.817547	0.895936	0.743295	0.645372	0.841116	0.834023	0.638733	1.00119	
hyp_oxy_sma_	1.46812	1.38708	1.4234	1.54425	1.62434	1.48137	1.36481	1.01987	1.31854	1.01961	1.10622	1.102	0.904401	0.925291	0.907651	0.78345	0.986415	0.835562	0.683207	1.12138	
hyp_oxy_cys_	7.46604	1.45826	1.58605	1.46151	1.77363	1.51975	1.2042	1.15826	1.44105	1.1137	1.07786	1.28448	0.908347	0.929328	0.770998	0.609823	1.15504	0.72252	0.445013	1.28852	
hyp_oxy_pro_	1.06268	1.41351	1.31986	1.35241	1.38002	1.24294	1.32369	1.41571	0.986046	1.02583	1.01398	1.0399	0.870156	0.971188	0.767358	0.62587	1.10794	0.814102	0.546874	1.23082	
hyp_oxy_ami_	1.23964	1.08781	1.16691	1.18626	1.23543	1.24941	1.23964	0.841097	1.11665	0.88562	0.937714	0.98202	0.967549	0.801662	0.708651	0.700336	0.85444	0.864688	0.564685	1.07409	
hyp_sma_sma_	1.62325	1.69763	1.24229	1.65339	1.67388	1.627	1.22378	1.02559	1.61075	1.13068	1.18754	1.01876	0.925507	0.995819	0.8366	0.783088	0.951961	0.938441	0.719087	1.10797	
hyp_hyp_sma_	1.53223	1.78137	1.83755	1.9769	2.04441	1.79327	1.20167	1.12955	1.36249	0.954121	1.07879	0.891858	0.811838	0.844846	0.755865	0.704219	0.841719	0.792043	0.659294	1.04698	
hyp_sma_cys_	7.79921	1.84035	1.82037	1.918	1.93968	1.38954	0.998679	1.08336	1.55486	1.24533	1.1255	1.21532	1.03581	0.77072	0.630712	0.582655	1.1007	0.998679	0.670025	1.25295	
hyp_sma_pro_	1.13999	1.63006	1.42246	1.4015	1.57483	1.31608	1.23599	1.27115	1.16356	1.0381	1.01311	0.914658	0.88933	0.930709	0.740863	0.808621	1.05092	0.991991	0.615297	1.0902	
hyp_sma_ami_	1.46855	1.25488	1.14614	1.39351	1.5214	1.26651	1.30805	1.04812	1.16654	1.01945	1.10301	1.04858	1.03057	0.90729	0.849602	0.757066	0.672675	0.831911	0.70433	1.05229	
hyp_cys_cys_	6.18457	0.66605	1.04135	1.33849	1.38016	1.07013	0.702792	0.853874	0.901097	0.854459	0.991568	1.12447	0.91447	0.325423	0.482109	0.30998	1.05512	0.32797	0.454506	1.23442	
hyp_hyp_cys_	5.84507	1.90579	2.27337	2.05762	2.08594	1.57789	0.965241	1.48629	1.29776	0.977956	1.03726	1.12016	0.834278	0.682838	0.735718	0.446763	1.44243	0.697119	0.445882	0.990607	
hyp_cys_pro_	6.62887	1.78222	1.45128	1.8171	1.51805	1.27694	1.12832	0.803248	1.10762	1.34104	1.21963	1.09698	0.83781	0.54423	0.903018	0.725765	1.05873	0.752212	0.781821	1.02509	
hyp_cys_ami_	8.00139	1.30102	1.50137	1.41712	1.79975	1.18639	1.41201	1.07222	1.16924	1.04545	0.883638	1.25512	0.931964	0.726469	0.726469	0.634328	1.25132	0.745227	0.407664	1.06902	
hyp_pro_pro_	1.14626	1.61657	1.48279	1.46763	1.43784	0.993996	2.29253	1.46107	1.04979	1.12308	1.13655	0.927928	1.04221	1.16896	0.711438	0.541695	1.43409	0.627716	0.378217	0.991801	
hyp_hyp_pro_	1.48786	1.60653	1.56448	1.57572	1.63084	1.41835	1.42974	1.2225	0.996694	0.887809	0.89143	0.741349	0.654321	0.784932	0.619307	0.649416	0.901649	0.747807	0.526216	1.06309	
hyp_pro_ami_	0.947633	1.01136	1.14904	1.14055	1.18005	0.985499	1.43426	0.982147	0.915373	0.898237	0.96167	1.0017	0.825901	0.721443	0.691062	0.546	0.801071	0.742739	0.520566	1.02381	
hyp_ami_ami_	0.849147	1.29655	0.990261	1.18121	1.15448	0.943524	1.18881	0.945716	1.03431	0.873568	0.953294	0.729637	0.920755	0.840994	0.724897	0.568735	0.566597	0.896322	0.542618	0.994323	
hyp_hyp_ami_	1.05444	1.43344	1.34469	1.52989	1.65326	1.3605	1.14951	0.93524	1.14141	0.813708	0.918507	0.895025	0.777452	0.780401	0.707524	0.6523	0.735297	0.694316	0.542981	0.937028	
oxy_oxy_oxy_	1.77051	0.668747	0.918836	1.37985	0.98844	1.06126	1.0777	1.08141	0.752584	0.911915	0.910915	1.14613	0.675021	1.27726	0.932918	0.660197	0.770465	1.02638	0.444493	1.00241	
oxy_sma_sma_	1.74322	1.23691	1.29486	1.38843	1.39384	1.46562	0.939706	1.14275	1.50171	1.16543	1.21488	1.13491	1.05555	1.08781	0.974729	0.754199	1.08195	0.848913	0.789534	1.11356	
oxy_oxy_sma_	1.91552	1.18394	1.1055	1.41122	1.15196	1.251	1.33253	1.12254	1.15793	1.20404	1.22716	1.28164	1.1308	1.0123	0.852213	0.71937	0.89869	0.943878	0.620358	1.22323	
oxy_sma_cys_	8.25737	1.30428	1.23202	1.47436	1.50077	1.21061	1.54826	1.05811	1.45576	1.7054	1.47978	1.30742	1.02189	1.03554	0.826069	0.657597	0.710243	1.27301	0.54832	1.03151	
oxy_sma_pro_	2.06209	1.16981	1.06392	1.32592	1.12976	1.28488	1.51026	1.11375	1.02406	1.10461	1.06409	1.13592	0.813332	0.941387	0.896559	0.725911	0.744894	0.939072	0.630566	1.11702	
oxy_sma_ami_	1.54439	1.06232	1.07994	1.26974	1.16337	1.20963	1.09602	1.07817	1.10985	1.06645	1.07701	1.15506	0.981756	0.865062	0.903746	0.659208	0.737554	0.89674	0.644372	1.24719	
oxy_cys_cys_	8.23672	0.765304	1.09683	1.01776	0.823415	1.39576	0.969026	0.827818	0.776534	1.13284	0.716676	1.3997	0.753794	0.934794	0.332371	0.771709	1.06081	0.484513	0.559539	0.733641	
oxy_oxy_cys_	11.077	0.897253	0.935224	1.27279	0.643588	1.75329	0.001	1.18622	1.41115	1.37242	1.22804	1.19922	0.883759	0.767176	1.29892	0.695971	1.42138	0.56805	0.721612	1.89229	
oxy_cys_pro_	5.51566	1.16162	0.605391	1.64781	0.972087	0.983617	1.10313	0.698061	1.0608	1.20364	0.920456	2.04284	1.35218	0.425665	0.672656	0.360414	0.690065	0.857992	0.33972	1.33627	
oxy_cys_ami_	6.3517	1.61818	1.18066	1.37727	1.1607	1.22265	0.614681	1.16691	1.54341	1.27749	0.979155	1.68468	1.1012	0.632498	0.655924	0.401655	0.512685	0.614681	0.56789	1.30303	
oxy_pro_pro_	1.19373	0.785639	1.14644	1.05874	1.12706	1.22815	0.596864	2.11509	1.27547	1.30249	1.2677	1.06109	0.900448	0.998017	0.454937	0.585019	0.746737	0.795819	0.275715	1.32552	
oxy_oxy_pro_	1.35584	0.669248	1.36026	1.37656	1.0881	1.30775	0.76266	1.44783	1.10009	0.990648	0.848486	1.12987	1.07866	0.882861	1.06573	0.809819	0.795137	1.01688	0.469736	0.87252	
oxy_pro_ami_	1.67212	1.17385	1.35098	1.1101	1.0174	1.13415	0.867024	1.01109	1.17122	1.26457	0.831493	1.00465	1.03357	0.812498	0.778865	0.773941	0.658589	1.01153	0.50064	1.10653	
oxy_ami_ami_	1.24799	1.03749	0.946225	0.901433	0.992242	1.01367	1.1823	0.847916	0.831646	0.880492	0.881887	0.992552	0.891832	0.557597	0.946225	0.724276	0.903945	0.744414	0.530982	1.09403	
oxy_oxy_ami_	1.58881	0.660415	1.17022	1.20616	1.08953	1.15284	1.21251	1.22235	0.851033	1.08185	1.14176	1.12425	0.875195	1.11321	0.678802	0.58398	0.941571	0.738657	0.618049	0.911652	
sma_sma_sma_	2.30936	1.7428	1.33073	1.54514	1.52142	1.46781	0.923745	0.993725	1.67789	1.32388	1.31966	1.14043	0.97261	1.06933	1.08547	0.723073	0.690209	0.915192	0.829721	1.1112	
sma_cys_cys_	10.1549	1.0025	1.04492	1.10606	0.905505	1.27694	0.705199	0.910348	0.813765	1.45096	0.641912	1.03429	1.19687	0.979613	0.838517	0.483843	1.41164	0.940265	0.716669	1.0678	
sma_sma_cys_	10.4332	1.21428	1.44648	1.53796	1.7005	1.69485	2.19646	1.16753	1.90095	1.50642	1.04965	1.34228	1.39795	0.847547	1.0045	0.59204	0.893098	0.805369	0.634144	1.36359	
sma_cys_pro_	7.98458	1.16162	1.72969	1.35356	1.58708	0.95119	1.68096	0.797784	1.61646	1.34283	1.43448	1.35411	1.48591	0.89187	0.576563	0.463389	0.920087	0.840482	0.485314	1.20901	
sma_cys_ami_	11.3716	1.09227	1.1385	1.03295	1.30579	1.20157	0.922021	1.34194	0.886639	1.53299	1.01412	1.80989	0.825901	1.66031	0.84333	0.564828	1.15354	1.07569	0.603383	0.930739	
sma_pro_pro_	3.21508	0.725474	0.882205	1.24351	1.38766	1.57514	1.68409	1.45321	1.10418	1.36024	0.975515	1.0887	1.21259	0.886143	0.875203	0.675273	1.53234	1.53099	0.495056	1.1591	
sma_sma_pro_	1.29772	0.96461	1.05256	1.04763	1.36218	1.22519	1.33589	1.15934	1.14393	1.01735	1.30286	1.18746	1.02568	0.972048	0.855315	0.776276	0.69241	1.08144	0.599469	1.15588	
sma_pro_ami_	1.4076	1.14753	1.15872	0.941086	1.05461	0.971688	1.31679	1.12059	0.95333	0.913013	1.01262	0.877857	0.886239	0.946132	0.747561	0.634201	0.880524	0.832451	0.618762	1.0038	
sma_ami_ami_	1.3368	0.852727	1.03695	0.993623	0.92233	1.10028	1.90236	1.07367	1.07949	0.961708	0.936021	1.00545	1.00352	0.853102	0.834732	0.642535	0.739745	0.874059	0.593768	0.965366	
sma_sma_ami_	1.61867	1.29663	1.32295	1.33416	1.39291	1.4322	1.38743	1.24671	1.43796	1.07411	1.15768	1.0637	1.0531	1.05289	0.914752	0.691282	0.89684	0.840167	0.891932	1.07142	
cys_cys_cys_	11.6687	0.542091	0.847547	0.961222	0.648058	0.706187	0.001	1.30305	0.880071	2.46077	0.468596	2.59304	0.582477	0.529717	0.627813	0.001	2.14687	0.457596	0.317072	1.45505	
cys_pro_pro_	9.94087	5.60783	1.16903	1.19324	1.60897	0.876646	2.84025	0.001	0.910419	0.885435	0.323169	1.57792	2.00854	1.64395	0.649461	1.73993	0.88836	0.001	0.328005	0.430066	
cys_cys_pro_	4.36062	0.001	1.19654	1.08562	0.457453	0.598182	0.001	0.735838	0.854187	1.51045	0.551289	1.3997	0.822321	0.373918	0.332371	0.237449	1.81853	0.646018	0.447631	0.586913	
cys_pro_ami_	8.67024	1.2839	2.00735	1.51772	1.6372	1.11503	1.08378	0.617233	0.868491	1.35145	0.986517	1.68588	1.07298	1.04549	0.867373	0.398352	1.35592	0.72252	0.37548	1.47694	
cys_ami_ami_	8.12071	0.001	0.716237	1.13722	1.09531	0.954844	1.1601	1.10117	0.650757	0.994555	1.45199	1.0312	0.164078	1.11912	1.459	0.426405	1.45141	0.966752	0.937818	0.702642	
cys_cys_ami_	3.83915	0.275639	0.71826	0.391006	0.659042	0.64634	0.349014	0.795079	0.839051	1.14244	0.873653	1.47361	0.7898	0.269348	0.877873	0.42761	0.218326	0.930703	0.322446	0.845553	
pro_pro_pro_	0.001	1.80697	0.001	0.001	2.16019	1.41237	2.28798	2.60609	0.001	1.78317	1.56199	2.03376	0.647197	1.76572	1.04635	0.560644	2.86249	0.76266	0.001	1.38577	
pro_ami_ami_	1.09823	1.30102	1.05473	1.12783	0.794951	1.28055	0.915192	1.5984	1.08542	1.1127	1.4162	0.935529	1.39795	0.63566	0.711521	0.403663	0.572499	0.976204	0.634144	0.997752	
pro_pro_ami_	1.43247	0.56566	1.76879	1.10332	0.879105	0.736891	2.86495	2.17552	0.746147	0.66985	0.814949	0.477491	0.810403	0.967309	0.900775	0.0877529	0.896085	0.596864	0.413572	1.08451	
ami_ami_ami_	0.791993	0.625489	0.760619	0.813342	0.79761	0.651865	0.791993	0.300703	0.930845	0.6584	0.720916	1.05599	1.56821	0.407474	0.301833	0.776276	0.825719	0.615994	0.365852	0.559637	
