buried	CYS	MET	PHE	ILE	LEU	VAL	TRP	TYR	ALA	GLY	THR	SER	ASN	GLN	ASP	GLU	HIS	ARG	LYS	PRO	
bas_bas_bas_	3.2206	2.54352	1.32558	0.451011	0.912218	1.65674	4.8309	3.05699	0.516168	1.00401	0.366447	0.001	0.001	1.24273	1.84108	1.18376	1.00732	0.536767	0.001	0.975315	
bas_aci_aci_	1.05289	1.2473	0.216681	1.32701	1.09349	1.19158	0.526444	0.9994	0.67499	0.410291	1.3178	1.52084	0.595658	1.21883	0.722271	0.773996	2.63454	0.350963	0.48637	0.956559	
bas_bas_aci_	1.125	2.96164	0.771742	0.73521	0.708114	0.231489	1.50001	1.13904	0.480814	0.759882	0.938705	1.16667	0.636457	0.578807	1.37199	0.643229	1.64208	1.50001	0.0866139	1.02208	
bas_aci_hyp_	1.30487	1.54581	1.72312	1.14208	1.08826	1.10197	1.16895	1.46565	0.884457	0.618656	0.760913	0.894078	0.945836	0.702816	0.727292	0.559552	1.37744	1.14176	0.326501	0.815023	
bas_aci_oxy_	0.664444	1.57427	0.929837	0.818826	0.802988	0.792981	0.930222	1.0091	0.915823	0.869977	1.4818	1.35842	0.939752	1.07683	0.698897	0.651259	1.99509	1.41748	0.245546	0.643897	
bas_aci_sma_	1.28203	2.08457	1.55199	1.01384	0.954101	1.1483	2.11158	1.20258	0.9911	0.987412	1.2013	0.854686	0.895949	0.611095	0.862216	0.554377	1.60395	0.980376	0.539965	0.822166	
bas_aci_cys_	2.31992	1.09932	0.57292	0.909666	1.31421	1.14567	1.85594	1.40932	0.817996	0.650903	1.58379	1.03108	0.656233	0.358075	0.424385	1.02325	1.45123	0.773308	0.428665	0.843069	
bas_aci_pro_	2.16833	2.35465	1.45026	0.910953	0.870069	0.948112	1.3552	1.74944	0.695039	0.718213	0.370075	0.722775	0.69002	0.522932	0.371863	0.464908	2.20415	0.903469	0.500817	0.410405	
bas_aci_ami_	1.14861	1.3607	1.49707	0.804251	0.831415	0.4333	2.48865	1.3083	0.705671	0.656466	0.914835	0.723196	1.08301	0.886424	0.919255	0.656724	1.91603	1.34004	0.48637	0.811626	
bas_hyp_hyp_	1.30071	1.93886	1.99254	1.80944	1.76808	1.72107	1.59358	1.14469	1.14449	0.703563	0.797811	0.821196	0.550674	0.55176	0.561363	0.70499	1.08847	0.496737	0.171102	0.641719	
bas_bas_hyp_	1.27596	1.37415	1.88586	1.39699	1.33612	1.13374	1.91394	1.1671	0.957427	0.759387	0.976673	0.708866	0.721857	0.537113	0.888557	0.923766	2.39453	0.579981	0.133958	0.720121	
bas_hyp_oxy_	1.78339	1.57748	1.35796	1.52345	1.34366	1.36511	1.53372	1.03599	1.21476	0.895103	0.937482	0.879808	0.89795	0.825789	0.827828	0.681721	1.20485	0.743081	0.275979	0.7021	
bas_hyp_sma_	1.26158	2.23959	1.6313	1.73856	1.73924	1.47025	1.90911	1.25895	1.32589	0.924059	0.94765	0.908038	0.644244	0.684972	0.673963	0.659306	1.16631	0.617763	0.239813	0.764103	
bas_hyp_cys_	4.01751	2.13986	1.61513	1.59624	1.92303	1.69179	1.77518	1.38347	1.07814	0.815542	0.616581	0.996591	0.71357	0.648935	0.619559	0.526564	1.05202	0.436008	0.172636	1.10347	
bas_hyp_pro_	2.52517	1.67702	1.77161	1.55916	1.22458	1.33442	1.95127	1.56887	1.00258	0.948229	1.09703	0.790709	0.892863	0.597918	0.603659	0.717204	0.933412	0.631292	0.238597	0.764712	
bas_hyp_ami_	1.57439	2.4868	1.57374	1.43985	1.27411	0.95204	1.76717	1.13453	1.11746	0.921518	0.979771	1.01389	0.872513	0.843074	0.690623	0.535377	1.10546	0.83539	0.319109	0.76869	
bas_oxy_oxy_	0.156429	1.11188	1.35209	1.00769	0.827078	0.708136	1.095	1.06907	1.07805	0.877789	1.10353	0.764765	0.752231	1.02614	0.822702	0.766624	0.782835	0.886432	0.469695	1.08957	
bas_bas_oxy_	1.36876	2.81059	1.91546	1.30342	0.930462	1.07025	1.36876	0.8315	1.27236	1.53613	0.560663	1.39917	1.0841	1.69012	1.37713	0.603717	1.8837	1.2775	0.252912	0.746116	
bas_oxy_sma_	2.04583	2.11583	1.04254	1.10506	1.25092	1.16266	1.65615	0.980194	1.12418	1.33629	1.26365	0.985027	0.992057	0.864605	0.813091	0.75196	1.18836	0.714416	0.337517	0.767063	
bas_oxy_cys_	6.84378	2.52233	2.25349	1.15008	0.775385	1.59599	2.28126	1.90552	0.877486	1.06676	0.519133	1.62223	1.16153	0.352107	0.625969	0.447198	1.42704	1.06459	0.21076	0.829018	
bas_oxy_pro_	2.30043	1.63512	1.04153	1.22417	0.955657	0.994041	2.30043	1.39748	0.958599	1.21915	1.15169	0.81793	1.04115	0.355066	1.15725	0.901911	0.863421	0.613448	0.265664	0.487658	
bas_oxy_ami_	0.943969	2.02354	1.49862	1.13308	0.942176	1.10993	2.2925	1.12642	0.95097	1.24017	0.767191	0.689247	0.839203	0.93664	0.955913	0.826104	1.181	0.584362	0.311469	0.98012	
bas_sma_sma_	1.43242	2.05306	1.24466	1.14413	1.47263	1.28814	1.80379	1.49058	1.31793	0.967524	1.03827	0.966735	0.540248	0.777911	0.667215	0.597997	1.29429	0.990314	0.269577	0.626583	
bas_bas_sma_	0.80515	1.27176	2.15407	0.789269	1.14027	0.911204	1.6103	0.993521	0.903295	0.972632	1.05353	0.670958	0.455503	0.699037	1.28876	0.937142	2.01465	0.670958	0.185965	0.548615	
bas_sma_cys_	4.06561	0.428118	1.45026	1.44234	1.68896	1.45005	2.43937	1.54363	0.912238	0.9717	0.801829	0.783006	0.613351	1.35962	0.805702	0.664155	1.0173	1.3552	0.250408	1.7237	
bas_sma_pro_	1.00153	2.63658	1.09926	1.35578	1.22927	1.27084	2.00306	1.77454	1.17712	0.754536	0.759706	1.11281	0.897119	0.772918	0.763376	0.531729	1.56627	0.445124	0.154215	0.707698	
bas_sma_ami_	1.27099	2.08478	1.20723	1.17746	1.31077	0.905288	1.56429	1.74467	1.03418	1.11248	0.75645	0.93423	0.9956	0.905419	0.827173	0.503097	1.16202	0.716967	0.293559	0.651371	
bas_cys_cys_	6.31733	0.001	0.001	0.589784	1.98817	1.2999	0.001	0.001	1.34998	3.9388	0.001	0.46795	1.19132	0.812555	0.963029	0.001	2.63454	0.701926	0.001	0.637706	
bas_bas_cys_	1.36876	1.081	0.563372	1.15008	1.29231	0.281645	5.47502	3.11813	0.658115	0.640055	1.24592	0.608336	1.16153	1.05632	0.938953	0.670796	1.71245	0.001	0.001	0.001	
bas_cys_pro_	6.84378	3.60332	1.40843	2.8752	1.29231	1.64293	2.28126	0.866146	1.09686	0.888965	1.03827	1.77431	0.645296	0.001	0.782461	0.558997	0.713521	1.14063	0.001	0.690848	
bas_cys_ami_	1.24432	1.47409	0.768234	1.04553	1.52727	1.2802	0.622161	0.944887	0.897429	1.06676	0.283163	1.10606	0.879949	0.240073	1.28039	0.304907	2.33516	1.45171	0.287401	1.13048	
bas_pro_pro_	1.36876	4.32399	2.81686	1.15008	1.03385	1.12658	1.36876	1.55906	0.877486	0.853406	1.24592	1.52084	1.54871	0.528161	0.938953	1.34159	0.856226	0.912503	0.316141	0.414509	
bas_bas_pro_	0.001	0.001	2.34738	1.59733	1.29231	0.704113	1.14063	3.03151	0.731239	0.711172	1.81696	1.77431	1.61324	2.20067	0.52164	0.838495	3.56761	1.14063	0.001	1.03627	
bas_pro_ami_	2.2347	1.32367	1.83958	0.625893	0.632968	0.344871	1.67603	0.636352	1.07447	0.522494	0.635673	0.869051	0.632127	0.215576	1.40524	1.09518	1.7474	0.744901	0.258074	0.338375	
bas_ami_ami_	1.44079	2.27578	0.988371	0.538048	0.997572	0.395291	0.480265	1.64112	1.00064	1.04804	1.63937	1.28071	1.22267	0.370639	0.768733	1.17684	2.40344	1.12062	0.665559	0.87265	
bas_bas_ami_	3.50963	4.43486	0.866726	1.76935	0.662722	1.01103	3.50963	1.86555	0.787488	0.437644	1.11813	1.09188	0.595658	1.35426	1.28404	0.515997	1.31727	0.46795	0.162123	0.850275	
aci_aci_aci_	1.95536	3.08856	0.001	0.001	0.738462	0.001	3.91073	0.742411	2.82049	0.001	1.33491	0.869051	0.553111	0.001	1.78848	0.47914	1.22318	1.30358	0.001	1.77647	
aci_hyp_hyp_	1.12522	1.75829	1.94186	1.92918	1.54349	1.5579	1.6155	1.34881	1.14645	0.786757	0.973031	0.95019	0.575197	0.707109	0.376757	0.374196	1.08097	0.967157	0.490083	0.742368	
aci_aci_hyp_	0.934059	1.53212	1.56739	1.14706	1.11254	1.07927	1.14961	1.47313	1.07095	0.839967	0.931986	0.989942	0.833296	0.4436	0.657185	0.528186	1.25849	1.74837	0.53105	0.587493	
aci_hyp_oxy_	1.06347	1.44809	1.5471	1.44305	1.39531	1.16959	1.52186	1.19741	1.19604	0.923142	1.05148	1.05939	0.798732	0.735817	0.574398	0.444801	1.46814	1.11847	0.601366	0.805141	
aci_hyp_sma_	1.27623	1.89825	1.75972	1.64722	1.53832	1.49904	1.27623	1.16294	1.33634	0.946571	1.04311	0.853182	0.72201	0.521184	0.445036	0.390907	1.13764	0.925266	0.447067	0.734328	
aci_hyp_cys_	3.32795	1.95003	1.67907	1.53344	1.31765	1.03822	1.82501	1.58963	1.06675	0.719538	0.855042	1.09739	0.637705	0.538517	0.392765	0.55242	1.81318	0.64412	0.74386	1.04034	
aci_hyp_pro_	0.739868	1.58602	1.91416	0.917694	1.34719	1.15268	1.53258	1.50489	0.796175	1.0544	0.877915	1.10393	0.612907	0.591377	0.567964	0.673386	1.45459	1.26834	0.549279	0.624164	
aci_hyp_ami_	1.13276	1.40157	1.89604	1.121	1.09802	1.1732	1.13276	1.3046	1.08324	1.05352	1.13422	0.914601	1.01467	0.786778	0.535311	0.527385	1.48806	1.10759	0.549431	0.903344	
aci_oxy_oxy_	2.44421	1.02952	1.20723	1.36914	0.861539	1.13999	2.28126	1.36109	1.12297	0.812768	1.00118	1.52084	1.19841	0.817392	0.52164	0.279498	1.22318	1.24926	0.677444	0.740194	
aci_aci_oxy_	0.750003	1.77698	0.617394	0.84024	0.49568	0.694467	1.87501	1.28142	1.08183	1.28595	0.426684	0.666669	0.53038	1.15761	0.685993	0.827009	1.17291	0.750003	0.519683	0.681385	
aci_oxy_sma_	1.44927	1.65329	1.2593	1.59357	1.1352	1.04927	1.6103	0.733677	1.15278	1.13787	0.891687	1.12125	0.911006	0.66279	0.687338	0.46035	1.44383	1.25246	0.446316	0.780252	
aci_oxy_cys_	13.4082	0.441223	0.459895	1.09531	0.949451	1.14957	0.001	2.33329	0.805855	1.21915	1.27135	1.2415	0.790159	1.50903	0.638743	0.410692	1.39792	0.37245	1.16133	1.01512	
aci_oxy_pro_	1.02337	0.808222	1.79015	1.07484	1.11114	0.789659	1.27921	0.777103	0.738073	0.797576	0.349323	0.852807	0.868436	0.59233	0.526516	0.752295	1.92051	1.27921	0.35455	0.852261	
aci_oxy_ami_	1.75481	0.831536	1.37232	1.27786	0.960948	0.794383	1.40385	1.46579	1.01248	0.847936	1.198	1.13088	1.09204	1.01569	0.642019	0.515997	1.75636	1.22837	0.48637	1.0097	
aci_sma_sma_	1.1141	1.50837	1.59404	1.6642	1.15206	1.49556	1.37937	1.00715	1.42847	1.15772	1.06241	0.813472	0.495227	0.573198	0.545903	0.441998	1.62617	1.344	0.502394	0.771179	
aci_aci_sma_	0.675928	1.46802	0.834625	1.27786	0.925357	0.869275	1.18287	1.21902	1.29998	1.18529	1.03827	1.2392	0.669196	0.586846	0.772801	0.579701	2.11414	2.25309	0.390297	1.22817	
aci_sma_cys_	4.10627	2.16199	1.40843	1.15008	1.61539	0.985758	1.02657	1.29922	0.822643	1.1201	1.40166	0.684378	0.677561	0.13204	0.469476	0.167699	1.07028	1.25469	0.395176	0.932645	
aci_sma_pro_	1.10766	0.999766	1.49798	1.37389	1.13544	0.781443	2.05709	0.781034	1.06516	1.01126	0.576147	1.44172	0.939969	0.488473	0.57893	0.581615	1.97971	1.00217	0.438577	0.766722	
aci_sma_ami_	1.54537	1.9179	1.13583	1.48397	1.18809	0.840392	1.3246	1.46686	1.16762	0.946317	0.72846	1.00572	0.7806	0.596311	0.656257	0.405724	1.79531	1.14063	0.407923	0.668563	
aci_cys_cys_	18.2501	0.001	1.25194	0.85191	1.72308	1.25176	0.001	4.61945	0.487492	0.474114	2.07653	1.35186	0.001	0.001	0.695521	0.001	1.90272	0.001	0.001	0.001	
aci_aci_cys_	5.76318	1.13789	0.593023	0.001	1.08826	1.77881	1.44079	0.54704	0.92367	0.449161	1.96724	2.56141	0.815111	0.555959	0.658914	0.353051	2.70387	0.480265	0.001	0.436325	
aci_cys_pro_	0.912503	0.720665	0.375581	0.766719	1.03385	0.56329	0.912503	1.03938	0.877486	1.28011	1.03827	1.21667	0.516237	0.704215	1.04328	0.447198	1.71245	0.304168	0.421521	0.001	
aci_cys_ami_	3.42189	1.35125	2.11264	2.396	0.646154	2.46439	0.001	0.001	0.548429	0.800068	1.94675	0.76042	0.483972	0.660201	1.56492	1.25774	3.21085	1.71094	0.001	1.55441	
aci_pro_pro_	3.28501	2.59439	0.901395	0.613375	1.65416	0.001	1.095	1.24725	1.40398	1.19477	0.996735	0.973337	0.929227	0.845058	0.751162	0.268319	1.36996	2.19001	0.252912	0.331607	
aci_aci_pro_	2.38044	0.939997	0.489888	1.00007	1.57325	0.979635	0.001	1.35571	1.52606	1.66971	0.541704	2.11595	0.336676	1.37781	0.27216	0.291651	0.744544	1.9837	0.001	0.360443	
aci_pro_ami_	1.95536	0.51476	0.536544	0.365104	0.861539	0.40235	0.651788	2.22723	0.731239	0.609576	1.18659	0.724209	1.29059	0.251505	0.596161	0.47914	2.85409	0.651788	0.301086	0.986926	
aci_ami_ami_	0.570315	1.35125	1.40843	0.958399	0.753847	0.938817	1.14063	0.216537	0.274214	1.51124	1.5574	1.64758	1.12927	1.10034	0.652051	0.558997	2.85409	1.14063	0.790351	0.518136	
aci_aci_ami_	0.608336	1.92177	2.50387	0.681528	0.574359	0.625878	1.21667	1.38583	0.682489	1.04305	1.93809	2.16297	2.06495	1.17369	0.556416	0.894395	1.14163	1.41945	0.562028	0.552679	
hyp_hyp_hyp_	1.53481	1.94186	1.90995	2.31611	1.96863	2.02375	1.15496	0.871181	1.24227	0.634494	0.64013	0.57035	0.315086	0.445664	0.213625	0.31194	0.648632	0.330233	0.235935	0.505214	
hyp_oxy_oxy_	1.19022	1.58945	1.66562	1.41828	1.51604	1.32251	1.21186	1.15851	1.12374	0.998451	0.93567	0.870425	0.777416	0.651329	0.593804	0.615118	1.23188	0.72856	0.394863	0.688118	
hyp_hyp_oxy_	1.35435	1.91166	1.84074	2.01122	1.72925	1.64006	1.44079	1.06126	1.19153	0.787829	0.805257	0.781231	0.565687	0.553735	0.436201	0.412363	0.876054	0.576318	0.278204	0.705101	
hyp_oxy_sma_	1.43234	1.981	1.52418	1.66338	1.64656	1.48946	1.27862	1.06909	1.26987	1.04225	0.884036	0.971971	0.585016	0.606617	0.578358	0.472536	0.979043	0.668424	0.277571	0.846368	
hyp_oxy_cys_	5.285	2.01661	1.68645	1.69643	1.33436	1.58845	1.18764	1.05967	1.00882	1.0737	0.851332	1.14805	0.604703	0.61867	0.461669	0.378323	1.0401	0.59382	0.301739	0.701338	
hyp_oxy_pro_	1.20995	1.79171	1.7119	1.44025	1.32801	1.50937	1.51244	1.34947	0.896878	0.996033	1.04113	0.941072	0.663122	0.787864	0.561988	0.500318	1.39551	0.731011	0.349327	0.88169	
hyp_oxy_ami_	1.55163	1.33046	1.72433	1.48998	1.33521	1.45041	1.44079	1.27082	1.05867	0.919053	1.05424	0.990085	0.946783	0.880981	0.537269	0.543155	1.19248	0.716703	0.317421	0.879363	
hyp_sma_sma_	1.35062	1.85296	1.59148	1.68821	1.74591	1.53567	1.08049	1.00802	1.39651	0.944353	0.950157	0.788933	0.534866	0.503294	0.467668	0.336627	0.598658	0.519666	0.212127	0.71052	
hyp_hyp_sma_	1.36321	2.06043	1.85188	1.96546	1.96612	1.77077	1.30278	1.03517	1.31521	0.813316	0.780132	0.66855	0.436899	0.478085	0.348571	0.324167	0.762443	0.467836	0.257473	0.649752	
hyp_sma_cys_	3.67501	2.25084	1.89849	1.63847	1.89067	1.69759	1.3125	1.05361	1.12991	1.01123	0.8107	0.641669	0.594026	0.491986	0.428746	0.358371	0.727205	0.487502	0.242519	0.772236	
hyp_sma_pro_	1.60282	1.88873	1.45555	1.53201	1.50849	1.56004	1.60282	1.58418	1.25996	1.09055	0.845279	0.893281	0.604515	0.500673	0.383958	0.243132	0.859409	0.712363	0.252677	0.724235	
hyp_sma_ami_	1.31356	1.87616	1.74274	1.62032	1.64128	1.54984	1.87252	1.33172	1.22508	0.932256	1.02396	0.767018	0.727317	0.72794	0.492083	0.503354	0.90037	0.642805	0.309847	0.753268	
hyp_cys_cys_	14.4623	1.22377	1.70074	2.0253	1.65806	1.59422	1.03302	1.17665	0.827817	1.20765	0.822776	1.60692	0.146105	0.398612	0.708644	0.253131	0.969312	0.516511	0.119298	0.469255	
hyp_hyp_cys_	2.53669	2.00339	2.00117	2.2597	1.8894	1.84864	1.30358	0.815983	1.20273	0.807276	0.553207	0.814246	0.627856	0.462226	0.354474	0.250362	0.6171	0.364062	0.276674	0.59749	
hyp_cys_pro_	4.27736	2.19577	2.20067	1.8569	1.09039	1.54025	2.13868	0.812012	1.13113	1.03342	0.243343	1.33073	0.302483	0.577676	0.342327	0.104812	1.73921	0.641604	0.0987939	0.518136	
hyp_cys_ami_	5.30619	2.57153	1.78691	1.4186	1.48018	1.7122	1.32655	1.0989	1.08236	0.82709	1.04284	1.17915	0.579914	0.558408	0.689393	0.354606	1.13158	0.884365	0.139269	0.766933	
hyp_pro_pro_	1.01389	1.60148	2.29522	0.993895	1.10086	1.1996	2.28126	2.02101	1.13748	0.908719	0.576814	1.07022	0.358498	0.586846	0.2898	0.745329	1.10992	0.76042	0.351267	0.997892	
hyp_hyp_pro_	1.70043	2.03655	1.95353	1.85269	1.66897	1.47263	1.4762	1.3409	1.03921	0.850493	0.744149	0.768205	0.396428	0.54799	0.410191	0.357148	0.794858	0.548125	0.289166	0.922388	
hyp_pro_ami_	1.73061	1.80166	1.91028	1.27786	1.58939	1.29492	1.73061	1.04535	0.970782	1.09128	1.19938	0.76916	0.689799	0.97133	0.593591	0.289136	1.47625	0.57687	0.218028	0.667026	
hyp_ami_ami_	1.07841	1.83442	1.26332	1.4405	1.3628	0.938817	2.07387	1.35434	1.14339	0.866336	1.03827	1.14293	1.05594	0.672205	0.682875	0.670796	0.570817	1.02311	0.364041	0.803896	
hyp_hyp_ami_	1.26091	2.0266	1.88473	1.74099	1.65416	1.6637	1.81395	1.24725	1.23203	0.820649	0.969047	0.936468	0.660158	0.712751	0.397079	0.485142	0.982497	0.678386	0.324443	0.807246	
oxy_oxy_oxy_	2.12393	1.30465	2.33119	1.05754	1.15862	0.92263	1.17996	1.97123	0.56734	1.06676	0.64444	1.36351	0.734303	0.364249	0.701516	0.462618	1.32863	0.786641	0.327042	0.643203	
oxy_sma_sma_	1.77675	1.81899	1.06986	1.29937	1.29852	1.21189	1.05289	0.737057	1.32361	1.32319	0.876036	0.957836	0.716651	0.914125	0.677129	0.52406	0.905623	0.658055	0.32678	0.518136	
oxy_oxy_sma_	1.19517	1.16865	1.5929	1.56213	1.16066	1.07739	1.82121	1.23169	1.41383	1.25971	1.04906	1.26473	0.595658	0.702751	0.858917	0.47416	0.996853	0.853693	0.223467	0.689412	
oxy_sma_cys_	3.65001	0.65515	1.6389	1.1617	1.0965	1.29727	0.331819	0.818902	1.35612	1.06029	1.0949	1.25354	0.891682	0.960293	0.569062	0.243926	0.934064	0.442426	0.306561	0.401948	
oxy_sma_pro_	1.76949	2.13733	1.41378	1.10781	1.27757	1.04948	1.66541	1.30416	1.15108	1.20061	1.11327	1.17966	0.765523	1.24509	0.975844	0.433595	1.0418	0.832703	0.192329	0.819561	
oxy_sma_ami_	0.63395	1.50202	1.20977	1.3236	1.17532	1.091	0.979741	1.20349	1.0068	1.02409	0.918045	1.03737	0.945529	0.911773	0.830232	0.607247	1.29786	0.787635	0.266224	0.907556	
oxy_cys_cys_	30.4168	0.001	0.834625	0.56794	0.765813	1.04313	0.001	1.53982	0.974985	1.58038	0.001	1.35186	0.001	2.73861	0.23184	0.248443	1.26848	0.675928	0.234178	0.307044	
oxy_oxy_cys_	6.47048	1.17927	1.43404	1.53344	0.657903	1.94591	0.497729	0.944887	1.1168	1.00857	0.792857	0.774245	0.844751	1.53647	1.02431	1.09767	1.86813	0.829549	0.001	0.904383	
oxy_cys_pro_	14.9319	0.982724	0.512156	0.001	0.939861	1.53625	2.48865	0.001	1.59543	0.96978	0.566326	0.829549	1.05594	0.960293	0.284531	0.304907	1.55677	0.001	0.287401	0.753653	
oxy_cys_ami_	6.53734	0.645371	1.34537	1.83097	0.84868	1.17702	0.817167	1.39618	0.851293	1.27374	0.650853	1.18035	0.924604	0.7883	0.560569	0.400475	1.53354	0.544778	0.377481	0.866138	
oxy_pro_pro_	1.14063	0.001	1.87791	1.59733	0.646154	1.40823	2.28126	1.29922	0.548429	1.77793	0.519133	0.76042	0.967944	0.880268	0.26082	0.001	0.713521	1.14063	0.001	1.03627	
oxy_oxy_pro_	1.74735	0.229999	1.4384	1.38662	0.769886	0.958792	1.1649	1.21629	0.980171	0.862485	0.861539	1.22961	0.659026	0.337124	0.665924	0.927697	1.82176	0.679524	0.201792	0.881934	
oxy_pro_ami_	1.16988	0.739143	2.88909	1.11404	1.06036	0.770311	2.10578	1.42137	0.599991	0.729407	1.11813	1.03989	1.2575	0.45142	1.12353	0.401331	1.46363	1.24787	0.216165	0.991987	
oxy_ami_ami_	0.96618	1.52611	0.530232	0.902022	1.09466	0.795233	2.89854	1.34507	0.929103	0.702805	1.09934	1.35981	1.18431	1.49128	0.589147	0.868089	1.61172	1.39559	0.148772	1.26791	
oxy_oxy_ami_	0.750003	0.592327	0.848916	1.15533	0.814332	1.19603	1.68751	1.4238	0.961629	1.05214	1.10938	0.958337	1.37899	1.44702	0.900366	0.597284	1.2902	0.625002	0.519683	1.2492	
sma_sma_sma_	1.43818	1.80166	1.42884	1.639	1.1612	1.54088	0.942259	0.922634	1.11275	1.18271	0.778699	0.57307	0.350704	0.535815	0.3969	0.388867	0.651476	0.628173	0.343631	0.555682	
sma_cys_cys_	11.9766	0.001	2.11264	0.958399	0.323077	0.001	1.71094	1.29922	0.822643	1.33345	0.001	0.76042	0.483972	0.660201	0.39123	0.001	1.07028	1.71094	0.001	1.03627	
sma_sma_cys_	5.47502	1.6215	0.845058	1.27786	1.20615	1.50211	0.912503	0.952761	0.584991	1.13787	0.934439	0.709725	0.580767	0.440134	0.52164	0.167699	0.428113	0.608336	0.26345	0.483594	
sma_cys_pro_	3.61558	3.67131	1.06297	1.44664	0.780262	1.16909	1.03302	0.392217	0.827817	2.01275	0.940316	1.03302	0.876629	1.19584	0.118107	0.126565	1.29242	0.001	0.001	0.469255	
sma_cys_ami_	4.77473	0.251395	0.7861	0.891534	0.841503	1.11348	1.59158	1.20858	0.76525	1.88543	1.01412	1.27326	1.17054	1.22828	0.509509	0.311998	1.59298	1.16716	0.367605	1.92795	
sma_pro_pro_	1.47974	1.16865	2.74073	1.24333	0.838254	0.913443	2.95947	3.09004	0.711475	1.49923	1.17857	0.32883	0.837141	0.001	0.676723	0.362593	1.8513	0.98649	0.341774	0.224059	
sma_sma_pro_	1.19022	2.19333	0.435456	1.25934	1.0738	0.952423	0.793481	0.954016	1.31411	1.09252	0.993123	0.793481	0.448902	0.35721	0.33264	0.453679	0.992725	0.484905	0.24436	0.680836	
sma_pro_ami_	1.79089	2.22261	1.68485	1.36146	0.917902	1.05288	1.79089	1.26279	1.14811	1.27612	1.04797	0.739099	0.723697	0.789773	0.35101	0.626912	1.60042	0.511684	0.118183	1.23965	
sma_ami_ami_	0.626911	2.14549	1.11814	1.34615	1.38109	0.859985	1.88073	1.03144	1.03825	0.977183	1.23641	1.11451	1.35956	0.806353	0.430055	0.409647	0.784329	1.25382	0.33786	0.442987	
sma_sma_ami_	1.22096	1.57328	1.74566	1.29586	1.39545	1.48095	1.92782	0.707556	1.2359	0.811337	1.14063	0.82825	0.708917	0.396741	0.528988	0.629856	0.602976	1.22096	0.252319	0.836802	
cys_cys_cys_	1	1	1	1	1	1	1	1	1	1	1	1	1	1	1	1	1	1	1	1	
cys_pro_pro_	0.001	0.001	3.75581	0.001	0.001	0.001	9.12503	0.001	2.92495	0.001	0.001	0.001	0.001	0.001	0.001	0.001	0.001	0.001	0.001	0.001	
cys_cys_pro_	6.84378	0.001	2.81686	1.9168	1.29231	0.001	0.001	5.19688	2.19372	0.001	1.5574	3.04168	0.001	0.001	0.001	0.001	0.001	0.001	1.5807	0.001	
cys_pro_ami_	11.1989	0.982724	2.04862	1.74254	2.34965	0.768123	2.48865	0.001	0.797715	2.32747	1.69898	1.10606	0.35198	0.960293	0.284531	0.914722	0.001	0.829549	0.287401	0.753653	
cys_ami_ami_	0.001	2.70249	0.001	0.958399	0.001	2.11234	0.001	0.001	1.09686	2.66689	0.778699	0.001	0.001	1.3204	0.001	0.001	0.001	4.56252	0.790351	0.001	
cys_cys_ami_	7.82146	0.001	1.60963	1.09531	0.001	1.6094	0.001	4.45447	1.88033	1.21915	0.889942	0.869051	1.10622	0.001	0.894241	0.001	0.001	2.60715	0.001	1.18431	
pro_pro_pro_	0.001	0.001	0.001	0.001	0.001	5.6329	0.001	0.001	4.38743	0.001	0.001	0.001	0.001	0.001	0.001	0.001	0.001	9.12503	0.001	0.001	
pro_ami_ami_	0.46795	0.184786	0.288909	0.001	0.001	0.192578	0.701926	0.533013	0.224997	0.364703	0.532444	0.259972	0.264737	0.001	0.160505	0.229332	0.001	0.0779917	0.001	0.141712	
pro_pro_ami_	0.001	0.001	0.866726	0.589784	1.98817	1.2999	2.10578	1.59904	1.01248	2.9541	0.001	0.935901	0.595658	1.62511	0.963029	0.001	0.001	0.001	0.001	1.27541	
ami_ami_ami_	0.001	3.60332	1.87791	1.27786	0.43077	0.469408	4.56252	0.866146	1.09686	0.711172	1.03827	2.02779	1.29059	0.001	0.52164	0.001	1.42704	0.76042	0.001	0.690848	
exposed	CYS	MET	PHE	ILE	LEU	VAL	TRP	TYR	ALA	GLY	THR	SER	ASN	GLN	ASP	GLU	HIS	ARG	LYS	PRO	
bas_bas_bas_	1.31418	0.864912	2.16363	1.16557	1.1167	0.811245	1.09515	1.33058	1.40416	1.0925	0.947023	0.681426	0.991307	1.18324	2.15362	2.68354	0.9591	0.29204	0.809427	0.729632	
bas_aci_aci_	0.961068	0.708418	0.764769	0.861359	0.713814	0.791025	1.28142	0.924407	1.01661	0.619191	0.670694	0.868521	0.598083	0.593355	0.629982	1.0519	0.561117	1.02514	1.12468	0.776124	
bas_bas_aci_	1.54053	0.889098	1.02427	0.995701	1.19716	0.841246	0.592512	1.82221	1.02559	0.563375	0.889908	0.711015	1.00562	0.800214	1.05679	1.48092	0.963681	0.869018	0.88954	0.879228	
bas_aci_hyp_	1.2091	1.20825	1.18829	1.14724	1.46773	1.1018	0.987021	1.09615	1.23784	0.957713	1.07813	1.23926	0.886451	1.26636	0.908425	1.20929	1.04963	1.57101	1.20825	0.934081	
bas_aci_oxy_	1.57116	0.886323	0.923832	0.8801	0.813758	1.03454	1.07737	0.852198	0.884939	0.762693	0.898959	0.788076	0.812677	0.883414	0.759595	0.923991	0.786274	0.927735	1.01609	0.815667	
bas_aci_sma_	1.32313	0.949969	0.767382	1.0191	0.982353	0.878649	0.571353	1.00473	1.02174	0.567161	0.793803	0.815264	0.765558	0.719421	0.770133	0.921077	0.790065	0.781851	0.868191	0.774066	
bas_aci_cys_	13.6266	1.19576	1.24637	0.848118	1.28656	1.55773	0.757035	1.14972	1.69863	1.18001	1.37819	1.17761	2.14141	0.876351	0.692425	1.48402	1.89426	0.757035	0.699408	0.687774	
bas_aci_pro_	1.19305	0.673025	0.666431	0.644431	1.07815	0.806615	0.9374	0.970667	0.641926	0.571177	0.853274	0.681745	0.674955	0.756311	0.857396	0.877034	0.959549	1.19305	0.806995	0.748408	
bas_aci_ami_	1.78889	0.955722	0.866232	0.825227	0.973647	0.801149	0.894446	0.918924	0.944447	0.631489	1.05364	1.02891	0.803681	0.852697	1.08279	1.09587	0.855738	1.21013	0.88712	0.860413	
bas_hyp_hyp_	1.35373	1.92443	1.28153	1.50396	1.7212	1.54132	1.26348	1.43915	1.3741	1.03394	0.944716	1.00276	0.919024	0.940251	1.24851	1.60329	0.790369	1.24844	0.739984	1.16155	
bas_bas_hyp_	1.30742	1.36298	1.91573	1.74302	1.46153	1.24827	1.04594	1.68776	1.45841	0.88853	1.11868	1.06918	0.961554	1.13007	1.62634	2.03755	1.17772	1.04594	0.676423	0.997756	
bas_hyp_oxy_	2.0784	1.06694	1.55408	1.26125	1.45866	1.26162	1.07384	1.39412	1.13812	1.13928	1.31643	1.25474	0.921065	1.21635	1.49705	1.37508	1.43016	1.10848	0.680066	1.10148	
bas_hyp_sma_	2.08574	1.52054	1.24369	1.18332	1.29264	1.25452	1.31027	1.07619	1.33713	1.07536	1.0649	1.06961	0.945498	1.12469	1.21679	1.35635	1.32146	0.944823	0.747318	1.30377	
bas_hyp_cys_	16.0772	3.80918	1.98519	0.225145	1.66972	1.32327	0.001	0.610419	1.8037	0.877101	0.914651	0.535908	1.13694	1.55093	1.2867	1.96977	2.51428	1.07182	0.928338	1.21719	
bas_hyp_pro_	2.12725	1.33244	0.784987	1.06833	0.997294	1.1924	1.24701	1.11403	0.928756	0.949004	1.20187	0.749834	0.809225	1.61338	1.00639	0.862772	1.0095	0.978045	0.559099	1.13292	
bas_hyp_ami_	1.78104	1.02922	1.16217	1.09499	1.52571	1.21564	0.781918	1.03907	1.25319	0.968267	1.1467	0.994291	0.933872	1.32421	1.10258	1.49023	1.25	1.25976	0.782597	0.934018	
bas_oxy_oxy_	1.65903	0.5241	0.910465	1.05323	0.689205	1.04688	1.32723	1.04983	1.0104	1.06887	1.13261	1.32723	1.03244	1.02427	1.16337	0.921463	1.17619	1.06916	0.383186	1.23929	
bas_bas_oxy_	0.57759	1.06438	1.14904	1.05151	1.01795	1.2083	1.25144	1.05994	0.879423	0.840284	0.898165	0.96265	1.00752	1.26295	1.38677	1.39173	1.26459	0.57759	0.889371	0.583051	
bas_oxy_sma_	1.31728	0.906107	0.891983	1.09493	0.87461	0.78693	0.764874	0.903487	0.926213	0.874301	0.899299	1.03872	0.997654	0.737854	0.874493	0.926706	1.0101	0.736545	0.618319	0.887921	
bas_oxy_cys_	11.9961	0.78951	1.23438	0.279988	0.755074	1.2342	0.001	0.759111	0.480656	0.311644	0.68247	2.2215	1.97944	1.92872	0.228589	0.979837	1.25069	1.66612	0.461789	1.21095	
bas_oxy_pro_	0.817099	1.01407	0.912851	0.850023	0.749422	0.960756	1.40074	1.32958	0.61737	0.964323	0.850023	0.726311	1.15566	1.30622	0.934204	1.11552	0.730196	1.05056	0.539214	0.706993	
bas_oxy_ami_	0.866385	0.969342	1.0698	1.17284	0.913429	0.727951	1.51617	1.17873	0.902566	0.877797	0.952931	1.17122	1.12325	0.919357	1.40328	1.11456	0.993607	0.794186	0.733731	0.808983	
bas_sma_sma_	1.42265	0.856045	0.892272	1.21433	1.04897	1.07336	0.812941	0.771642	1.5092	1.16156	1.00206	0.737669	0.766519	0.627379	1.03789	1.06241	0.762804	0.632288	0.657176	0.964237	
bas_bas_sma_	0.869837	1.17766	0.946195	1.35733	1.16149	1.06112	1.11836	1.3918	1.07544	0.794133	0.60797	0.593698	0.790873	0.839109	1.27864	1.52246	1.12712	0.786995	0.559666	0.80907	
bas_sma_cys_	15.8592	1.56564	0.543965	0.370153	0.998233	0.9518	0.001	2.00714	0.741351	1.33901	0.751874	1.76214	1.12152	1.01993	0.001	1.13346	3.72029	0.220267	0.6105	0.80046	
bas_sma_pro_	0.865423	1.16192	1.13985	1.01802	0.866114	0.908187	1.12505	0.821458	0.804472	0.876823	0.807451	0.82696	0.563042	1.102	0.989453	0.530156	0.595503	1.18275	0.43975	0.943494	
bas_sma_ami_	1.01197	0.841281	0.942649	0.90996	0.965504	0.778121	1.3848	1.11222	0.862161	0.689065	0.787824	0.994212	0.949156	0.801526	1.08392	1.10934	0.633036	0.603629	0.639691	0.645179	
bas_cys_cys_	58.481	0.001	4.01174	0.001	0.001	0.001	0.001	0.001	0.001	3.03853	0.001	2.16596	0.001	0.001	0.001	0.001	0.001	0.001	0.001	0.001	
bas_bas_cys_	15.5949	1.23163	1.28376	0.436781	2.06135	1.60446	0.001	0.592107	1.49965	1.45849	1.41954	1.38622	1.32339	0.601761	0.356599	2.67495	1.95108	0.519831	0.360195	1.41681	
bas_cys_pro_	23.3924	2.46327	1.28376	0.436781	0.001	0.001	3.11899	2.96053	0.499883	1.94466	0.709769	1.03966	2.64679	0.601761	0.713198	0.382136	0.001	1.55949	0.360195	0.944542	
bas_cys_ami_	8.66385	0.001	1.18866	0.001	0.545331	2.07986	1.44397	1.64474	0.462854	0.675229	0.328597	0.96265	2.04228	2.22874	1.65092	0.70766	2.70984	0.481325	0.001	1.31186	
bas_pro_pro_	0.772026	0.60972	1.27105	1.08114	1.6036	0.317715	0.001	1.75873	0.618667	0.481351	1.05411	1.02937	1.52867	0.001	1.0592	1.32423	0.482941	1.02937	0.891572	1.16899	
bas_bas_pro_	0.93104	1.28678	1.05383	1.17344	1.18671	1.24525	1.39656	1.94423	0.783398	1.56008	0.900453	1.65518	0.987608	1.7963	1.54349	1.42588	1.45603	1.39656	0.430084	1.33928	
bas_pro_ami_	0.889445	1.05368	1.34233	0.830382	0.671814	0.762577	0.889445	1.63223	0.855312	0.901161	1.21443	0.625905	0.712855	0.743621	0.915226	1.08974	1.02005	0.642377	0.616303	0.763176	
bas_ami_ami_	0.345021	0.544971	0.781046	0.676431	1.00983	1.10041	1.20757	0.982478	1.27183	0.645351	1.02069	0.95839	1.12235	0.599098	1.02562	1.43724	0.323742	0.747544	0.677358	0.992605	
bas_bas_ami_	0.803862	1.36042	1.22893	0.868416	1.49625	1.06334	2.29675	1.48245	1.0675	0.733901	1.04532	1.02078	0.877065	0.708997	1.57555	1.68838	0.86204	0.689025	0.901814	0.938978	
aci_aci_aci_	0.420348	1.16192	0.951571	1.41277	1.2303	0.951434	1.05087	1.27678	0.943175	0.393125	1.05222	1.12093	0.475613	0.729899	1.0573	1.18452	0.788848	1.47122	1.45631	0.891078	
aci_hyp_hyp_	1.25299	1.6366	1.48767	1.68719	1.57431	1.5767	1.15661	1.18934	1.24353	1.05165	0.954109	1.17803	0.995136	1.17154	0.903619	1.14546	1.23601	1.79917	1.3691	1.05079	
aci_aci_hyp_	1.52449	0.847251	0.906345	1.01209	1.11949	1.06887	1.01632	1.28626	1.31215	0.862493	1.22064	1.36765	1.0062	1.08936	0.710099	0.760952	1.16556	1.61859	1.73447	0.837845	
aci_hyp_oxy_	1.49112	0.919131	1.10772	1.0288	1.06446	0.912987	0.654638	0.938975	1.13663	0.890017	0.802794	1.05874	0.905307	1.12269	0.698561	0.864441	1.00102	1.22442	1.26841	0.837048	
aci_hyp_sma_	1.34581	1.38825	0.983505	1.2308	1.18248	1.03988	0.961294	1.0011	1.38661	0.937566	1.00628	1.08031	0.955603	0.996223	0.715961	0.874916	1.08241	1.52891	1.33218	0.923249	
aci_hyp_cys_	15.5949	1.23163	1.6047	0.873562	1.17791	0.962678	0.001	2.07237	1.24971	0.850788	1.41954	1.38622	1.10283	0.902641	0.891497	0.382136	2.43885	1.55949	0.72039	0.944542	
aci_hyp_pro_	0.765139	1.15363	1.03067	0.915643	1.24779	1.08777	0.347791	0.845112	0.869555	0.769797	0.933907	1.17476	0.688653	0.885732	0.699837	0.579511	0.957267	1.41435	0.835421	0.905783	
aci_hyp_ami_	1.40495	1.14426	1.15654	1.06982	1.32648	1.17444	1.40495	1.16688	1.36511	0.91019	1.16896	1.21957	1.0308	1.1012	0.933663	0.968251	1.23591	1.46349	1.22702	0.944011	
aci_oxy_oxy_	1.17496	0.674868	0.703428	0.747913	0.484075	0.593431	0.640887	0.648884	0.616294	0.63268	1.0209	0.973199	0.815791	0.741897	0.732738	0.523474	0.534543	0.712097	1.11019	1.1645	
aci_aci_oxy_	0.710475	0.771525	0.913836	1.06957	0.955882	0.621318	0.888094	0.573224	0.626277	0.526032	0.788183	0.611798	0.577792	0.788183	0.548301	0.609329	0.555548	0.888094	0.923051	0.564789	
aci_oxy_sma_	1.30365	0.579139	0.570111	1.0155	0.692348	0.771215	0.89626	0.665115	0.809632	0.58421	0.778744	0.860048	0.81819	0.943199	0.698666	0.618925	0.8155	0.977738	0.771578	0.7279	
aci_oxy_cys_	16.1327	1.41567	1.10669	2.00819	1.18468	0.368842	0.89626	1.02087	2.01102	1.11762	0.61187	1.59335	2.28171	1.03752	1.22965	0.439237	0.001	1.19501	1.44906	1.62852	
aci_oxy_pro_	0.447487	0.971878	0.87487	0.814656	0.76049	0.966821	1.00685	0.849508	0.788911	0.435944	0.865572	0.447487	0.664545	0.690687	0.383715	0.575672	1.04972	0.932265	0.671813	0.813092	
aci_oxy_ami_	0.781167	0.72911	0.759965	0.855263	0.697308	0.774468	0.852182	0.862815	0.603228	0.796991	0.64642	0.852182	0.843694	0.822078	0.649543	0.504643	0.62193	1.20726	0.738105	0.795721	
aci_sma_sma_	0.992404	0.615817	0.816936	0.734586	0.829894	0.802231	0.35443	0.699763	1.01113	0.707148	0.677507	0.866385	0.802057	0.902641	0.761825	0.694793	0.665142	1.06329	0.622155	0.729874	
aci_aci_sma_	0.596364	0.353241	0.889793	0.668116	1.08388	0.782291	0.820001	0.820798	0.943851	0.5926	0.763375	0.795152	1.05433	0.719121	0.460238	0.748929	0.93264	1.31697	0.946976	0.609528	
aci_sma_cys_	14.8861	0.559834	2.04234	0.397074	1.20469	0.291721	0.70886	0.538279	1.24971	0.662952	0.645245	0.630098	0.802057	0.547055	0.16209	0.694793	2.66057	1.18143	0.98235	1.28801	
aci_sma_pro_	0.378978	0.748259	0.818921	0.716469	0.894528	0.95527	1.13693	0.539587	0.819977	0.590722	0.883977	0.92639	0.857607	0.877415	0.51995	0.626833	1.18535	0.979025	0.962855	0.918146	
aci_sma_ami_	0.923741	0.386227	0.536762	0.700067	0.738762	0.916836	0.978079	1.03155	0.897002	0.694521	0.79138	0.760728	0.891485	0.796756	0.994004	0.812206	0.781793	1.0143	0.941276	0.674673	
aci_cys_cys_	0.001	0.001	5.34898	3.63984	0.001	5.34821	0.001	0.001	0.001	2.02569	0.001	0.001	0.001	0.001	0.001	0.001	0.001	0.001	0.001	0.001	
aci_aci_cys_	22.2785	0.001	0.001	1.03995	1.40228	0.76403	0.001	4.22933	1.1902	1.15753	1.68993	2.47539	1.05031	1.43276	1.69809	0.001	2.32272	2.47539	0.001	2.24891	
aci_cys_pro_	21.9928	0.001	3.29168	3.35985	0.755074	1.2342	1.99935	0.759111	0.320438	1.24658	0.001	2.6658	2.26221	0.771488	1.82871	0.979837	3.75208	1.3329	0.461789	1.21095	
aci_cys_ami_	15.9132	1.25677	0.654978	2.67417	1.20195	0.327441	0.001	1.20838	2.04034	0.744129	1.81064	1.41451	0.900268	1.22808	0.363877	0.001	0.995451	1.59132	0.735092	1.44573	
aci_pro_pro_	0.001	1.77214	0.692674	0.157115	0.847421	0.808003	1.68291	1.49092	1.07888	0.874397	1.53188	0.498639	1.11076	0.865843	0.897911	0.001	3.15823	1.30893	0.906966	1.01929	
aci_aci_pro_	0.186097	1.17579	0.995754	0.521218	1.1245	0.880731	0.930485	0.706571	0.835126	0.89923	1.27047	0.620323	0.52641	0.789901	0.340429	0.501611	0.698479	1.61284	1.50439	0.845354	
aci_pro_ami_	0.276997	0.656289	0.969088	0.77581	0.575358	0.91195	0.969489	0.999115	0.776904	0.539703	0.535794	0.954101	1.09695	0.641308	0.538382	0.543	0.346551	1.20032	0.959667	0.838848	
aci_ami_ami_	0.2948	1.28053	1.03137	0.660538	0.974173	0.727923	0.5896	0.783506	0.921334	0.390586	1.07337	1.04818	0.792202	0.511895	1.07856	0.86685	0.645443	1.3266	0.885168	0.71421	
aci_aci_ami_	0.837151	0.661154	0.738357	0.904378	0.609733	0.812075	0.717558	0.590291	0.996698	0.466032	0.898097	0.77071	0.811898	0.553768	0.738357	0.849843	0.822926	1.55471	1.32587	0.579474	
hyp_hyp_hyp_	1.90182	3.00399	2.16769	1.02435	2.20997	1.89646	0.292588	1.33307	1.07855	0.843719	0.865572	0.812744	1.40699	0.508053	0.702493	0.93204	0.732114	1.02406	0.709578	1.24049	
hyp_oxy_oxy_	1.31912	0.752409	0.904903	1.25205	1.20393	1.28176	0.879413	1.19646	0.998356	0.742498	1.23409	1.43312	1.20233	1.15941	0.737329	0.861962	0.825176	1.02598	0.677059	1.22063	
hyp_hyp_oxy_	1.70623	1.16785	1.77909	1.46549	1.4928	1.6267	1.36498	1.0581	1.48579	0.948571	1.13894	1.44082	0.997453	1.22898	0.92336	0.933739	1.52984	1.49769	0.827582	1.08509	
hyp_oxy_sma_	1.3275	1.04841	0.962687	1.00033	1.05043	1.13815	0.790177	1.09205	1.27149	0.837535	1.22275	1.24321	1.02817	1.00009	0.852831	0.85969	1.08745	1.0641	0.759228	1.01461	
hyp_oxy_cys_	22.9016	2.15321	1.57103	1.98537	1.02965	1.9074	3.27166	2.48436	1.31088	1.01993	1.7372	1.21173	1.23393	1.47284	1.37153	0.66807	3.41099	0.363518	0.881596	1.48617	
hyp_oxy_pro_	1.36798	0.953278	0.728654	0.901509	0.987674	0.96036	0.885161	1.49707	1.01885	0.953264	1.28183	1.18021	1.00154	1.39728	0.938418	0.907031	1.2081	1.26068	0.594749	0.97476	
hyp_oxy_ami_	1.53897	1.09389	0.739004	0.919539	1.33678	0.918344	0.769487	1.09072	1.02772	1.05549	1.22575	1.20838	1.26245	1.1283	0.985339	1.10618	1.12316	0.957583	0.793851	1.103	
hyp_sma_sma_	1.69633	1.29505	0.83784	0.950212	0.992985	1.31475	1.13089	0.966092	1.51342	1.20748	1.09373	1.19371	0.815725	1.20003	0.930933	0.928322	0.884284	1.28167	0.731361	1.06167	
hyp_hyp_sma_	1.69846	1.50398	1.20749	1.21088	1.47725	1.63094	0.874963	1.19203	1.42706	0.994792	1.01898	1.14374	1.01912	0.913564	0.917978	1.00894	0.74051	0.960744	0.855909	0.919604	
hyp_sma_cys_	16.9102	3.33877	0.773347	0.657803	0.886984	0.483272	0.001	0.535036	1.73152	1.17148	0.748251	1.14822	1.59445	1.45003	1.07409	1.03591	1.76303	1.56576	0.325478	1.138	
hyp_sma_pro_	1.4513	0.885694	0.841718	0.923818	0.996544	0.923041	0.659684	1.05197	0.972699	0.987136	0.945758	0.850259	0.97034	0.992753	0.69389	0.711252	1.1142	1.14345	0.50281	0.938949	
hyp_sma_ami_	1.46553	0.919131	0.975768	1.17103	1.0581	1.08206	1.1638	0.998301	1.09842	0.954054	1.12802	1.00575	1.02419	0.881518	0.975768	1.04565	1.13247	1.2069	1.00552	0.84847	
hyp_cys_cys_	77.9746	0.001	0.001	0.001	1.84049	2.00558	0.001	3.70067	1.56213	1.51926	2.21803	0.001	5.51414	0.001	0.001	2.38835	6.09714	3.24894	2.25122	5.90339	
hyp_hyp_cys_	24.3671	3.07909	0.802348	1.63793	1.47239	1.40391	2.92405	2.2204	1.24971	0.759632	2.43983	1.08298	2.20566	2.2566	0.445749	0.238835	0.609714	0.649789	0.225122	1.47585	
hyp_cys_pro_	23.8256	1.7106	0.891497	2.72988	1.84049	0.891368	2.16596	0.822371	1.90927	1.01284	0.001	1.68464	0.919024	0.835779	1.48583	0.796117	1.35492	3.97093	0.250136	0.983898	
hyp_cys_ami_	20.8665	5.20409	1.80811	1.23037	1.65903	0.677942	0.001	0.001	1.05609	2.2254	0.749756	0.732156	0.931968	0.84755	0.753378	0.53822	2.748	1.46431	0.760976	0.332585	
hyp_pro_pro_	1.12463	0.592132	0.925786	0.629973	0.920246	1.15706	1.12463	2.135	0.540738	1.11023	0.767779	0.416531	0.84833	1.15723	0.514325	0.734877	1.40703	0.874715	0.346341	1.02174	
hyp_hyp_pro_	1.28353	2.28081	1.01257	0.808854	1.31283	1.14447	1.28353	1.17772	1.01142	0.800271	0.97362	0.950765	1.05896	0.701642	1.00278	0.629031	1.20437	1.49746	0.716438	1.19849	
hyp_pro_ami_	0.859225	1.18753	1.41461	0.90244	1.03433	0.928202	0.429612	1.30492	1.0156	0.83706	0.977643	1.2411	1.06333	0.911759	1.00693	0.684266	1.07498	1.43204	0.644978	1.36607	
hyp_ami_ami_	0.794501	1.34458	1.07447	1.46229	1.24307	1.26115	0.681001	1.50828	1.05507	0.849196	0.981486	1.05934	1.7016	1.44528	0.960274	1.00123	0.497001	0.870168	0.786452	1.23739	
hyp_hyp_ami_	2.17375	1.55062	1.35649	1.27656	1.36382	1.24086	0.841453	1.03832	1.32613	1.093	1.42018	1.29334	1.22977	1.40699	1.10635	1.18558	0.965014	1.00507	0.825987	1.18917	
oxy_oxy_oxy_	1.2456	0.393494	0.717755	0.907053	0.70562	0.922694	0.49824	0.6621	1.1978	0.73779	1.13382	0.719681	0.563746	0.576768	0.284823	0.488353	0.467512	0.49824	0.517852	1.73518	
oxy_sma_sma_	1.81	0.743327	0.506589	0.547497	0.642549	0.685286	0.651599	0.797173	1.57809	0.857672	0.922634	0.933154	0.983023	0.558738	0.496656	0.479001	0.588767	0.627465	0.434776	0.613909	
oxy_oxy_sma_	1.2945	0.481107	0.3761	0.490526	0.647048	0.626743	1.06606	0.867344	0.854291	0.688417	0.727791	0.96453	1.01236	0.705188	0.522362	0.55977	0.714508	0.456883	0.562805	0.760984	
oxy_sma_cys_	19.0847	0.861283	0.673299	1.06904	0.720752	0.673201	0.545277	1.65624	1.0487	1.10492	1.11677	1.09055	1.23393	1.26244	0.74811	0.66807	2.04659	0.908795	0.629712	0.990779	
oxy_sma_pro_	1.16235	0.917989	0.637891	1.03091	0.512137	0.916836	1.16235	1.14008	0.853837	0.845504	0.837616	0.947104	0.767185	1.15867	0.841662	0.545909	1.15126	0.839478	0.536937	1.26135	
oxy_sma_ami_	1.76956	0.9918	0.892803	0.783392	0.722184	0.798708	1.08457	0.953613	1.0155	0.827476	1.27301	1.09091	1.01725	0.881055	0.848424	0.713358	0.428496	0.932347	0.474635	0.898906	
oxy_cys_cys_	70.886	0.001	0.001	1.98537	1.33854	1.4586	0.001	0.001	0.001	0.001	0.001	0.001	2.00514	0.001	0.001	0.001	0.001	2.36287	0.001	2.14669	
oxy_oxy_cys_	16.2932	0.001	1.91605	0.977868	1.0988	0.957888	0.001	1.32561	0.373047	1.26983	1.05936	1.55173	1.97522	1.7963	0.798356	0.855529	2.18405	1.93967	0.268802	1.40976	
oxy_cys_pro_	20.3412	0.001	2.79077	0.474762	1.60043	1.04639	0.001	3.21797	1.0867	1.58532	0.771488	3.3902	0.958981	0.654088	1.55043	0.830731	4.24149	0.001	0.391516	1.54001	
oxy_cys_ami_	11.5045	0.001	0.52613	1.79009	0.724128	0.526053	1.27827	0.970667	0.40974	2.39097	2.32711	2.55655	0.723166	0.001	0.292294	0.939679	0.001	1.70436	0.885726	1.54843	
oxy_pro_pro_	3.15049	1.86611	1.6209	1.32358	0.594906	1.4586	0.787623	1.49522	1.38856	0.859382	1.25464	0.700109	0.445587	1.21568	0.360201	0.771992	0.001	1.05016	0.181917	0.715562	
oxy_oxy_pro_	1.73277	0.855302	0.624048	0.667304	1.0634	0.891368	0.649789	1.23356	0.763709	0.979081	0.936501	1.58837	1.04156	1.5044	0.544804	1.11456	0.812951	0.721987	0.550298	1.04949	
oxy_pro_ami_	0.851251	0.403374	1.12118	0.429152	0.642967	1.12102	1.362	1.61601	1.11873	0.928808	0.929829	0.870168	1.25212	0.919722	0.70074	0.625769	0.852001	0.851251	0.668484	0.670254	
oxy_ami_ami_	1.45747	0.863296	0.824843	0.918465	0.825641	1.12462	0.728735	1.03757	0.788366	0.596347	0.746253	1.05262	0.979147	0.84359	0.874834	0.892842	0.797756	1.21456	0.294552	0.606891	
oxy_oxy_ami_	1.67687	0.551808	0.57516	0.939314	0.659674	0.833861	0.978176	0.583618	0.76147	0.69701	1.17659	1.49055	0.830086	1.0245	1.08641	0.582107	1.2238	0.372639	0.645511	0.550137	
sma_sma_sma_	1.29478	0.227239	0.414497	0.604402	0.787812	0.680861	0.719323	0.710091	2.19044	1.34547	0.687507	1.08698	1.09876	0.999234	0.888208	0.669796	0.539968	0.911143	0.830708	0.566377	
sma_cys_cys_	19.4937	0.001	0.001	5.45976	0.001	4.01116	0.001	7.40134	3.12427	3.03853	0.001	4.33192	0.001	0.001	0.001	0.001	0.001	0.001	0.001	0.001	
sma_sma_cys_	9.9735	0.716067	1.49274	1.01577	0.856043	0.932827	0.906682	1.03274	0.145315	0.141327	1.03164	0.805939	1.02589	0.699722	1.03662	0.666517	2.2687	0.604455	0.209416	1.37288	
sma_cys_pro_	16.5903	0.001	3.41425	1.39398	1.56638	1.70688	3.31807	1.2598	0.265895	2.06879	1.13261	0.737349	0.001	1.92051	1.8968	1.62611	3.11343	1.10602	0.383186	0.001	
sma_cys_ami_	18.4107	1.7106	1.33725	0.60664	1.63599	1.55989	0.001	1.23356	1.04142	1.85688	1.72513	0.96265	1.53171	0.835779	0.990553	0.796117	2.03238	1.08298	2.00108	0.655932	
sma_pro_pro_	1.50919	0.794603	0.82823	0.704485	0.189986	0.82811	0.001	1.71902	0.967515	0.784136	1.14479	1.11792	0.853803	1.55293	0.805224	0.12327	1.57345	1.3415	0.232384	1.21876	
sma_sma_pro_	1.3329	0.52634	0.754344	0.60664	0.880919	1.09707	0.833062	0.506074	1.09483	0.857021	0.68247	0.4443	0.84833	0.707198	0.495276	0.449092	0.312674	0.777525	0.423306	0.908214	
sma_pro_ami_	1.35608	0.963888	0.781417	0.683657	0.640171	0.837111	0.949256	1.08124	0.891095	0.972329	1.17266	0.723243	1.61109	1.04654	0.992275	0.830731	0.593808	0.994459	0.501141	1.06774	
sma_ami_ami_	1.91741	0.883345	0.854961	0.939795	0.935332	0.920593	1.91741	0.728	1.04996	1.07096	0.799945	0.923197	0.723166	0.924837	1.02303	0.900526	0.799624	0.958705	0.664294	0.725827	
sma_sma_ami_	1.79131	1.16506	0.867403	0.472196	0.835683	0.823913	1.4752	1.08019	1.19904	0.95262	1.127	0.983464	0.894185	1.26044	1.10835	0.852061	0.92281	1.26445	0.803138	0.638204	
cys_cys_cys_	1	1	1	1	1	1	1	1	1	1	1	1	1	1	1	1	1	1	1	1	
cys_pro_pro_	0.001	17.5948	4.58484	6.23973	2.10342	2.29209	11.1392	0.001	3.57059	0.001	0.001	2.47539	0.001	0.001	0.001	0.001	0.001	0.001	0.001	0.001	
cys_cys_pro_	1	1	1	1	1	1	1	1	1	1	1	1	1	1	1	1	1	1	1	1	
cys_pro_ami_	13.7602	0.001	1.88788	2.5693	0.866114	0.943802	0.001	1.74149	0.735121	2.85979	0.001	2.03855	0.001	3.53977	0.001	0.001	2.86924	0.001	0.001	1.38903	
cys_ami_ami_	13.7602	0.001	1.88788	0.001	0.001	0.943802	4.58674	0.001	2.20536	2.14484	1.04378	1.01928	1.29745	1.76988	2.09764	0.001	2.86924	0.001	0.001	0.001	
cys_cys_ami_	38.9873	0.001	0.001	5.45976	0.001	4.01116	0.001	0.001	3.12427	3.03853	0.001	0.001	0.001	0.001	0.001	0.001	0.001	0.001	0.001	0.001	
pro_pro_pro_	0.001	0.001	0.001	0.001	0.001	4.01116	0.001	0.001	1.56213	0.001	2.21803	0.001	0.001	0.001	6.68623	0.001	6.09714	0.001	0.001	0.001	
pro_ami_ami_	0.384112	1.82015	0.79049	0.645489	0.797849	1.34364	1.53645	0.583357	0.98499	0.778342	0.52446	1.19501	0.869224	0.889302	0.966155	1.03534	0.720844	1.28037	0.44359	1.16323	
pro_pro_ami_	1.99935	1.57902	0.41146	0.839963	0.377537	0.411401	1.99935	1.89778	0.801094	1.4024	0.45498	1.3329	1.69666	1.15723	0.457178	0.489918	0.001	1.99935	0.692683	2.4219	
ami_ami_ami_	0.001	0.001	0.001	0.983741	0.265296	1.30092	2.10742	1.06686	1.23845	0.766476	0.959147	0.312211	0.794831	1.35532	0.642521	0.688534	0.878866	0.702474	0.649	0.850939	
combine	CYS	MET	PHE	ILE	LEU	VAL	TRP	TYR	ALA	GLY	THR	SER	ASN	GLN	ASP	GLU	HIS	ARG	LYS	PRO	
bas_bas_bas_	0.380313	1.10131	1.51317	0.994165	1.24478	1.09558	1.26771	1.54023	0.995568	0.553284	0.721214	0.563427	0.78891	0.831591	1.4494	1.58426	0.713715	0.84514	0.351363	0.806209	
bas_aci_aci_	0.536785	1.07614	0.764784	0.878923	0.795294	0.730687	1.23873	0.752515	0.714719	0.534201	0.582576	0.743241	0.619038	0.748851	0.651482	0.53625	0.90404	1.51401	0.915551	0.70025	
bas_bas_aci_	0.578076	0.998692	0.728669	0.850011	1.04382	0.92929	1.15615	0.850498	0.718028	0.647639	0.633081	0.634278	0.613198	0.836482	1.05748	1.08894	0.858838	0.855071	0.63421	0.711191	
bas_aci_hyp_	0.984024	1.3669	1.21075	1.33307	1.48057	1.10215	1.14803	1.08242	1.10565	0.785406	0.835365	0.749844	0.748188	0.934452	0.720512	0.944831	0.964809	1.0794	0.881716	0.764017	
bas_aci_oxy_	0.828405	0.996239	1.0229	1.00717	0.949231	0.829049	1.05433	0.886397	0.83886	0.789427	0.929723	0.807486	0.756246	0.908114	0.848111	0.807352	0.871534	1.07316	0.726208	0.900856	
bas_aci_sma_	0.838175	1.15843	0.939638	1.10891	1.22869	1.08701	0.970518	1.0259	1.06761	0.819992	0.788051	0.73279	0.664485	0.868144	0.72629	0.818839	0.841673	0.874937	0.850789	0.794888	
bas_aci_cys_	7.22595	1.57688	1.21314	1.30484	1.34652	1.17384	1.52125	1.08298	1.0362	0.904026	0.995275	0.866269	0.618577	0.660381	0.782673	0.535851	0.892144	1.23602	0.636845	0.863795	
bas_aci_pro_	0.933585	0.811046	0.960646	0.784433	0.810928	0.893271	1.3537	1.20517	0.703245	0.763982	0.562994	0.726122	0.594184	0.5944	0.704474	0.549035	1.02201	1.21366	0.431259	0.636128	
bas_aci_ami_	0.900831	0.863899	0.688585	1.06328	0.850518	0.695106	0.546933	0.732914	0.804386	0.722134	0.666239	0.815037	0.928261	1.09247	0.640031	0.614914	0.945901	1.26545	0.76538	0.750212	
bas_hyp_hyp_	1.31465	1.77988	1.73482	1.80998	1.86329	1.5952	1.24076	1.37352	1.25236	0.790877	0.989282	0.79091	0.645334	0.857748	0.820875	1.0826	0.953344	0.705046	0.491377	0.83261	
bas_bas_hyp_	1.45986	1.49271	1.44847	1.51699	1.66731	1.3641	1.31881	1.33348	1.17439	0.810174	0.898737	0.836892	0.772034	0.911645	1.14981	1.53976	0.873511	0.665282	0.470753	0.803039	
bas_hyp_oxy_	1.3324	1.31448	1.49036	1.38857	1.5054	1.27609	1.42979	1.14286	1.07979	0.872138	1.03856	0.956141	0.845195	0.987272	1.01726	1.15085	0.877789	0.692022	0.529606	0.849896	
bas_hyp_sma_	1.19479	1.5402	1.47531	1.59901	1.66794	1.50854	1.20081	1.24551	1.33031	0.859406	0.897861	0.855383	0.738937	0.821037	0.887747	1.04498	0.945081	0.684173	0.517166	0.875859	
bas_hyp_cys_	7.9698	1.4267	1.8953	1.77582	1.63202	1.29736	0.991797	1.27763	1.1354	1.02695	0.951153	0.991797	0.791547	0.915757	0.818056	0.989474	0.864155	0.920954	0.417243	1.08341	
bas_hyp_pro_	1.01071	1.24061	1.19287	1.13913	1.30147	1.17766	1.44909	1.3223	0.934841	0.907288	0.892292	0.708984	0.802579	0.728316	0.754594	0.957828	0.921712	0.953881	0.480948	0.851859	
bas_hyp_ami_	1.32698	1.29971	1.33801	1.30486	1.56034	1.24005	1.32698	1.29807	1.16368	0.827359	0.959983	0.865337	0.829399	0.865326	0.972571	1.07062	0.804718	0.846021	0.630382	0.887947	
bas_oxy_oxy_	1.53151	0.797194	0.916889	0.828642	0.913593	0.902432	0.939791	0.964733	0.81447	1.03627	1.01387	0.889514	0.856587	0.913308	1.20183	0.972316	0.696755	0.812165	0.474323	0.790564	
bas_bas_oxy_	1.39511	1.21482	1.26623	1.02194	1.047	1.14827	1.18048	1.19521	0.957447	0.858686	0.95243	1.04136	1.09283	0.966234	1.20242	1.34113	0.939843	0.810833	0.487472	0.931644	
bas_oxy_sma_	1.08101	1.24267	1.01841	1.20434	1.08187	1.09241	1.03296	1.06258	1.0376	1.01287	0.901996	0.928868	0.869785	0.903779	1.0272	0.850589	0.976771	0.796744	0.552071	0.811148	
bas_oxy_cys_	8.4559	0.98655	1.22605	0.968858	1.27012	0.968834	1.05699	0.875599	0.739219	1.09338	0.787197	1.08902	0.842604	0.852797	1.34031	0.918283	1.62294	0.288269	0.288519	1.01848	
bas_oxy_pro_	0.348659	1.2047	1.13011	0.976519	0.748897	0.914717	1.4818	1.45616	0.817242	0.930681	0.862846	0.794167	0.739684	0.941757	1.05636	0.811632	0.872415	0.755427	0.402647	1.17465	
bas_oxy_ami_	1.25413	0.800808	1.03239	0.94914	1.03797	0.807123	0.773828	1.18536	0.915197	0.898401	1.06872	0.788652	0.815182	1.00905	1.22032	0.869627	1.23521	0.862773	0.59166	0.816161	
bas_sma_sma_	1.07827	1.21141	1.27518	1.28882	1.33064	1.30312	1.15421	1.19936	1.30707	0.994237	0.874369	0.863969	0.837702	0.98451	0.972356	0.937791	0.883519	0.815033	0.452496	0.919832	
bas_bas_sma_	1.158	1.54643	1.38655	1.28554	1.44319	1.18707	1.158	1.10317	1.2148	0.984553	0.828891	0.931083	0.804019	0.747439	1.24212	1.47037	0.816586	0.645675	0.31123	0.784261	
bas_sma_cys_	8.10026	1.16776	1.24364	1.35042	1.10469	1.44189	0.964317	0.97635	1.33945	1.1123	0.672962	0.900029	0.80014	0.868235	0.808515	0.976687	0.884736	0.835742	0.50485	0.89556	
bas_sma_pro_	0.733938	1.13293	1.30446	0.999771	0.913429	1.02282	1.66804	1.13998	0.935684	0.858006	0.956557	0.741351	0.745501	0.759502	0.900151	0.874692	1.18953	0.733938	0.500846	0.919361	
bas_sma_ami_	1.05762	1.33375	1.02509	1.19443	1.24014	1.12673	1.41585	1.1399	1.18654	0.869474	0.978235	0.932527	0.796173	0.84912	1.05317	0.969755	0.736293	0.813118	0.614636	0.940196	
bas_cys_cys_	25.5034	0.001	0.437376	0.297623	0.802632	1.09328	0.001	0.403462	1.19217	1.32509	0.967275	0.944569	0.601175	2.46024	0.971947	0.001	2.65894	0.354213	0.736312	0.643612	
bas_bas_cys_	8.78054	0.909452	1.71814	1.16915	1.46776	1.21437	1.43943	1.1477	0.876656	0.807725	0.753395	0.991609	0.855057	0.722063	0.691206	1.51668	1.08053	0.719716	0.432204	1.0026	
bas_cys_pro_	10.8173	2.05035	1.06856	0.787721	0.612788	0.934855	0.432692	1.47856	0.901522	1.04539	0.935418	0.76923	0.734369	0.66785	0.840996	0.636157	1.89469	1.08173	0.349785	0.917243	
bas_cys_ami_	9.84266	0.75838	1.33393	1.14303	1.15595	0.839757	1.08029	1.64066	1.11579	0.916779	1.17455	1.01361	0.984648	0.926337	0.850858	0.67649	0.525604	0.760205	0.499029	0.908755	
bas_pro_pro_	0.286744	1.81169	0.944177	0.562177	0.866333	1.35706	3.15418	1.19758	1.057	0.759825	0.97879	0.764651	0.811109	0.553229	0.786815	0.772898	0.717492	1.33814	0.264916	0.781529	
bas_bas_pro_	1.17814	1.31815	0.848605	1.07241	0.964031	1.23232	0.883608	1.04374	0.582202	0.688652	0.670258	1.0036	0.49989	0.833452	1.07759	0.890131	0.85982	0.850882	0.430849	0.683838	
bas_pro_ami_	0.97648	1.22105	1.20574	1.27629	0.875845	0.954406	1.87159	1.35941	0.912924	0.938607	0.740706	0.904148	0.690538	0.941985	1.11643	0.917223	1.22168	0.542489	0.432279	0.813212	
bas_ami_ami_	0.364947	0.792613	0.90126	0.996586	1.05092	0.769715	1.55102	1.52419	0.73113	0.767951	0.664391	0.750169	1.16136	1.09137	0.980538	0.871905	0.399512	0.760306	0.526822	0.911784	
bas_bas_ami_	1.09854	1.34958	1.43182	1.29908	1.27919	0.753478	1.28163	1.27445	0.772725	0.799084	0.777741	0.773046	0.84591	0.989084	1.24202	1.34592	0.839902	0.712016	0.324209	0.79473	
aci_aci_aci_	1.08934	0.286774	0.896731	0.355951	0.377116	0.523018	1.08934	0.482533	0.640161	0.764092	1.07421	0.645534	0.359496	0.4904	0.332123	0.400396	1.02216	2.11816	1.38382	0.824729	
aci_hyp_hyp_	1.0644	1.64385	1.53271	1.58082	1.72423	1.4298	1.13705	1.09967	1.26553	0.735525	0.970319	0.816289	0.775499	0.849474	0.53517	0.59207	1.00172	1.34024	1.03445	0.896241	
aci_aci_hyp_	1.00477	1.22336	1.10971	1.2476	1.31546	0.9855	1.0885	1.01413	1.05478	0.678668	0.927934	0.841027	0.798176	0.862653	0.515031	0.580638	1.08422	1.71927	1.46011	0.780986	
aci_hyp_oxy_	1.02452	1.31719	1.21995	1.25455	1.14636	1.06289	1.07217	0.996895	0.987494	0.837838	0.936912	0.892681	0.816843	1.04809	0.652687	0.672572	0.971765	1.23101	1.00816	0.904809	
aci_hyp_sma_	0.945753	1.40536	1.24511	1.33827	1.49154	1.29511	0.975411	1.09977	1.21367	0.787423	0.873626	0.762314	0.722408	0.836686	0.569658	0.582192	0.824553	1.36096	1.01837	0.788372	
aci_hyp_cys_	7.03773	1.16334	1.17889	1.62732	1.86978	1.20397	0.941092	0.854444	1.18041	1.02683	0.875258	0.863804	0.752319	0.868375	0.392962	0.441156	1.203	1.45937	0.756047	0.904556	
aci_hyp_pro_	1.15261	1.2604	1.12215	1.04606	1.14683	0.944113	1.15261	1.16138	0.875687	0.692726	0.862536	0.810272	0.648937	0.803981	0.560062	0.486111	1.15778	1.30038	0.9164	0.738377	
aci_hyp_ami_	0.870444	1.25036	1.30587	1.24723	1.38282	1.03572	1.15428	1.08726	1.06349	0.768845	0.940171	0.923708	0.961691	0.978427	0.641828	0.700156	0.864109	1.37295	1.07807	0.899686	
aci_oxy_oxy_	0.982608	0.805878	1.16664	0.825624	0.763592	0.622119	0.86923	0.947039	0.751075	0.848281	0.963227	1.09179	0.812466	1.04998	0.82097	0.601943	1.15842	1.29755	0.864165	0.789704	
aci_aci_oxy_	0.849002	1.00577	0.81537	0.845467	0.65908	0.815252	1.2735	0.877504	0.725708	0.654329	0.944545	0.754668	0.640416	0.546007	0.517695	0.404519	0.914661	1.36784	1.16567	0.842745	
aci_oxy_sma_	0.834281	1.12648	1.04677	0.957271	0.963009	0.905409	0.861193	1.00648	0.890687	0.797029	0.842087	0.876145	0.80694	0.794424	0.636924	0.567132	0.690235	1.22451	0.975899	0.827227	
aci_oxy_cys_	7.20647	0.692201	1.24257	1.17284	1.08496	0.681312	1.07123	0.961349	0.827221	0.758981	0.975096	1.03877	0.85396	0.488512	0.93527	0.620439	1.03562	1.266	0.877223	1.0617	
aci_oxy_pro_	0.315741	0.961822	1.22531	1.01065	0.817663	0.816754	1.30807	1.37006	0.722915	0.92103	0.708248	0.761787	0.714505	0.661388	0.618843	0.585792	1.21329	1.18779	0.927207	0.751282	
aci_oxy_ami_	0.588432	0.67385	0.859794	0.782836	0.800018	0.629617	0.853227	0.815467	0.740322	0.775038	0.863694	0.856496	1.03198	1.04447	0.753497	0.583965	0.97545	1.15725	0.89021	0.828624	
aci_sma_sma_	0.809862	0.809292	1.02721	0.999882	1.20156	1.04407	0.82639	0.922463	1.16553	0.857885	0.895149	0.80068	0.659202	0.714288	0.479971	0.477894	0.744406	1.2506	0.961988	0.670699	
aci_aci_sma_	0.638993	0.925202	0.799976	1.05144	1.16639	0.920387	0.692243	0.899688	1.12227	0.668161	0.751295	0.745492	0.768192	0.739704	0.700132	0.424066	1.09924	1.86373	1.2053	0.757916	
aci_sma_cys_	5.61164	0.728529	1.39216	1.24875	1.43705	0.996515	1.15308	1.13828	1.08419	0.946595	0.874663	0.97371	0.84804	0.771225	0.562489	0.508588	1.44262	1.10183	0.905507	0.628549	
aci_sma_pro_	0.373522	0.93862	0.992318	0.798883	0.756617	0.68474	1.18848	1.16033	0.854432	0.693369	0.726365	0.633855	0.710787	0.65514	0.473642	0.507561	1.14704	1.29035	0.760763	0.925495	
aci_sma_ami_	0.997332	1.01058	0.960406	0.927592	0.991376	1.02222	0.865609	0.971671	0.962075	0.759685	0.762233	0.89488	0.931508	0.733374	0.576588	0.631712	0.69451	1.17296	1.01703	0.894688	
aci_cys_cys_	13.2476	0.951135	0.495693	1.01192	0.454825	0.495621	2.40865	1.82903	0.965091	0.563164	0.822183	2.14102	0.681331	0.464712	0.55077	0.295106	3.01347	1.20432	0.278162	1.45885	
aci_aci_cys_	8.10182	1.5564	0.811134	0.981254	1.36447	0.856073	0.656905	0.997652	1.12302	0.853279	0.896927	0.875873	1.17684	0.675945	0.60084	0.37559	0.684878	1.67876	1.46667	0.928362	
aci_cys_pro_	5.72054	1.18892	0.867463	0.505959	0.90965	1.36296	0.903244	0.457257	0.868582	0.844746	1.37031	1.60577	0.255499	0.929425	0.826155	0.368883	0.376683	0.802883	0.764946	0.729427	
aci_cys_ami_	11.2612	0.988193	0.772509	1.00754	0.945091	0.80458	1.72046	0.59384	1.4539	0.828899	0.925401	1.21649	1.37151	0.844932	0.643757	0.268279	0.978398	0.8863	0.758624	1.04204	
aci_pro_pro_	1.01062	0.598617	1.14391	0.495344	1.00189	0.467894	1.26328	1.53485	1.09332	0.669496	0.632449	0.561457	0.571747	0.389968	0.577731	0.185731	0.790244	1.09484	0.758624	0.841646	
aci_aci_pro_	0.710416	1.36258	0.87721	0.739041	0.555755	0.877083	0.710416	1.27159	0.797013	0.60113	0.577376	0.721693	0.746402	0.783223	0.324893	0.447633	1.20623	1.79296	1.12515	0.553217	
aci_pro_ami_	0.896349	0.980178	0.879761	0.753145	0.65099	0.695194	1.7927	1.20423	0.784597	0.773813	0.768836	0.643532	0.858165	0.771564	0.709485	0.540653	0.690107	1.33303	0.812191	0.584655	
aci_ami_ami_	0.295339	0.699745	1.29664	0.772036	0.892299	0.587453	0.590677	1.08396	0.631122	0.721218	0.604876	0.700062	0.696183	1.02566	0.720353	0.868433	1.04691	1.01728	1.06869	0.745327	
aci_aci_ami_	0.655415	0.776437	0.876736	0.780164	0.835393	0.573168	0.983122	0.83986	0.932265	0.383105	0.857606	0.691827	1.06603	1.10646	0.580744	0.582183	0.666242	1.11967	1.40027	0.893176	
hyp_hyp_hyp_	1.39948	1.97508	1.92574	1.81139	1.87799	1.88116	1.10965	1.25764	1.25287	0.80157	0.991218	0.785769	0.623083	0.709371	0.446878	0.62295	0.854725	0.811532	0.531715	0.722238	
hyp_oxy_oxy_	1.2503	1.01879	1.11092	1.19785	1.18797	1.24552	1.2503	0.9758	0.98285	0.932678	1.0568	1.14005	0.892598	1.04149	0.835005	0.680828	1.07387	0.813688	0.627985	0.883486	
hyp_hyp_oxy_	1.34369	1.62765	1.56574	1.66428	1.6098	1.53749	1.18027	1.08583	1.23392	0.815134	1.00616	0.883686	0.756321	0.853053	0.715192	0.725252	0.979689	0.839804	0.65635	0.875697	
hyp_oxy_sma_	1.1874	1.28825	1.27694	1.27092	1.28415	1.24467	1.10344	1.07774	1.18989	0.86933	0.914346	0.870671	0.867402	0.890137	0.745066	0.650495	0.855321	0.838243	0.609451	0.87415	
hyp_oxy_cys_	9.163	1.23735	1.4265	1.22334	1.40751	1.26022	1.32935	1.35194	1.05006	0.976842	1.03718	0.896782	0.872928	0.659513	0.792501	0.67475	1.63345	0.759627	0.438626	0.877038	
hyp_oxy_pro_	1.13141	0.982906	1.27287	1.11614	1.10858	1.133	1.0937	1.26486	0.946958	0.72306	0.838204	0.849257	0.856998	0.936216	0.6899	0.674617	1.12454	0.850654	0.519739	1.07358	
hyp_oxy_ami_	1.29759	1.28099	1.37136	1.22089	1.24554	1.23349	1.23676	1.00073	1.07666	0.889096	1.1027	0.997221	0.906148	0.957068	0.820592	0.753498	0.972358	0.894345	0.66965	0.839128	
hyp_sma_sma_	1.22401	1.49572	1.37103	1.35593	1.42128	1.32196	0.882996	0.897096	1.39079	0.919781	0.830082	0.840368	0.757928	0.780134	0.660033	0.575987	0.72759	0.899235	0.648404	0.85569	
hyp_hyp_sma_	1.38441	1.68301	1.48554	1.51105	1.69107	1.439	1.06551	1.02847	1.30783	0.852641	0.924636	0.848739	0.79807	0.936663	0.639992	0.665598	0.898876	0.896678	0.655978	0.863496	
hyp_sma_cys_	9.169	1.32502	1.39715	1.42062	1.24512	1.0437	0.897391	1.03698	1.11309	1.21634	0.887887	1.01444	0.728421	0.79794	0.633445	0.478034	1.07391	0.96242	0.504657	0.83892	
hyp_sma_pro_	1.19205	1.0486	1.09696	1.08846	1.17488	1.14666	1.05637	1.28788	0.995639	0.796104	0.791749	0.796853	0.833388	0.848898	0.59391	0.657815	0.860875	0.920688	0.548415	0.862868	
hyp_sma_ami_	1.20583	1.59515	1.23665	1.36076	1.47244	1.31091	1.24603	1.177	1.21673	0.888093	0.974135	0.926704	0.89963	0.86661	0.776639	0.67467	0.86117	0.894326	0.714843	0.874886	
hyp_cys_cys_	23.8456	2.85341	0.594832	1.01192	0.409342	1.48686	0.001	1.37177	0.694866	1.35159	1.31549	0.96346	0.408799	0.278827	0.330462	0.177064	0.90404	0.722595	0.001	1.75062	
hyp_hyp_cys_	8.71439	2.10991	1.67558	1.54994	1.5014	1.30886	1.27217	1.59396	1.22335	1.02123	1.05668	0.77744	0.611759	0.760885	0.421805	0.436425	1.03455	0.636087	0.396675	1.02094	
hyp_cys_pro_	7.95517	1.13438	1.50072	0.835529	1.35613	0.909397	1.32586	1.42631	1.20415	0.809441	0.754297	1.08033	1.15639	0.682147	0.4295	0.568554	1.17497	0.77342	0.331753	1.20456	
hyp_cys_ami_	10.2141	1.33016	1.96786	1.263	1.53888	1.27445	1.46692	1.03141	0.97525	1.18561	1.18691	1.05039	0.998944	0.859543	0.646016	0.625714	0.713715	1.08661	0.514496	1.08591	
hyp_pro_pro_	1.06056	1.28431	1.19316	1.12875	1.20159	0.741977	1.55549	1.69122	1.00853	0.749416	0.868844	0.722752	0.939997	0.900323	0.56586	0.623708	1.06149	1.03699	0.35927	0.899294	
hyp_hyp_pro_	1.16995	1.46429	1.45688	1.29683	1.45659	1.34038	1.29885	1.34015	1.08692	0.822182	0.816768	0.830645	0.673104	0.822556	0.55999	0.619529	0.874517	0.905557	0.531287	0.939808	
hyp_pro_ami_	0.827794	0.967026	1.1996	0.961201	1.28958	1.05039	1.34516	1.30957	1.00056	0.862891	0.94973	0.919771	0.878088	0.918334	0.567859	0.595847	0.852257	0.902525	0.569602	0.882624	
hyp_ami_ami_	1.04285	0.929881	1.26693	1.33321	1.34669	1.1906	1.46336	1.31557	1.01362	0.781298	1.12533	0.923241	1.15141	1.20072	0.807694	0.704793	0.6734	0.975571	0.641016	0.804815	
hyp_hyp_ami_	1.36049	1.56323	1.49676	1.60297	1.74036	1.49234	1.24286	1.24671	1.22221	0.868982	1.03122	0.867214	0.820317	0.811141	0.672479	0.689306	0.809464	0.922338	0.596568	0.913849	
oxy_oxy_oxy_	1.62178	0.853887	0.741686	0.98416	0.816643	1.03821	0.99109	0.718384	0.678693	1.41844	1.00466	1.22134	0.815559	0.69533	0.844697	0.838956	0.676339	0.961057	0.582684	0.982271	
oxy_sma_sma_	1.24363	1.23728	0.87749	0.986134	1.06133	0.990356	0.952908	0.975018	1.07165	1.01707	0.966626	0.814727	0.749251	0.835111	0.70539	0.5976	0.798157	0.845235	0.604322	0.899964	
oxy_oxy_sma_	0.919822	0.794021	0.942081	0.904675	0.945196	0.994764	0.855648	1.03147	0.997661	0.910265	1.00765	1.22168	0.937889	0.874947	0.792405	0.508443	0.642302	0.784344	0.538538	0.770886	
oxy_sma_cys_	9.08445	0.602447	0.913369	1.00998	1.20472	0.813352	0.970857	0.868876	1.11143	0.940408	1.05732	1.00168	0.941571	0.776007	0.650141	0.424817	0.95436	0.601007	0.384408	1.11304	
oxy_sma_pro_	0.828528	1.07499	0.962156	0.837049	0.938705	0.858509	1.50911	0.966194	0.94375	0.950138	0.828244	0.789075	0.661243	0.890604	0.602193	0.732328	0.851471	0.946889	0.471577	0.824414	
oxy_sma_ami_	0.977948	1.0012	1.1032	0.882575	0.923329	0.935346	1.23149	0.976399	0.978153	1.02188	0.972608	0.937703	0.922102	0.852555	0.786815	0.647903	0.883648	1.01417	0.602336	1.00365	
oxy_cys_cys_	27.4586	0.001	2.37933	0.809534	1.09158	1.48686	0.001	1.64613	0.694866	1.35159	0.657747	0.96346	0.408799	1.11531	0.660924	0.354128	2.71212	1.44519	0.333795	2.18828	
oxy_oxy_cys_	9.61392	0.734783	1.02117	0.781739	0.761295	0.829581	0.620253	1.00086	0.745564	0.942635	1.27033	1.27496	0.877251	1.13685	0.638232	0.98791	0.873	0.775317	0.787927	0.657423	
oxy_cys_pro_	10.7475	0.902977	0.470595	1.02473	0.431796	0.799895	1.60069	0.955031	0.76963	1.10494	0.67648	1.21957	0.840884	0.441183	0.575171	0.78446	1.00131	0.838454	0.528156	0.484746	
oxy_cys_ami_	11.1464	1.21422	1.05467	1.00474	1.06448	0.975425	1.2812	1.02153	1.00616	1.31804	0.758041	1.13884	1.05099	1.03819	0.791	0.376732	0.881599	0.427066	0.503059	1.24158	
oxy_pro_pro_	1.12404	0.63409	0.859202	0.719586	0.879328	0.528663	1.76634	2.19483	0.84928	0.976151	1.20587	1.14188	0.908442	0.929425	0.660924	0.590213	1.10494	0.695832	0.593413	1.06983	
oxy_oxy_pro_	0.461231	1.1535	0.75936	0.645905	0.856426	0.885791	1.46056	1.07991	0.825461	0.982542	1.11957	0.854131	0.630594	0.860212	0.615222	0.866483	0.721308	1.02496	0.461631	0.744947	
oxy_pro_ami_	1.58563	1.34173	0.839104	0.777178	0.85547	1.01377	1.30248	1.29007	0.853153	0.873875	0.927856	0.994166	1.07326	0.78666	0.763999	0.777083	0.956468	0.981582	0.379312	0.908925	
oxy_ami_ami_	0.535823	0.846349	0.945178	1.05051	0.925068	0.850537	1.53092	1.07533	0.944644	0.787475	0.853538	1.10567	1.19089	1.00425	0.892668	0.63773	0.718252	0.71443	0.795591	0.857695	
oxy_oxy_ami_	1.16391	1.03412	1.018	0.787802	0.796707	0.918064	0.92143	1.04954	0.88607	0.960025	1.04842	0.99148	1.05629	1.10408	0.898236	0.748659	0.87977	0.646617	0.582461	0.851814	
sma_sma_sma_	0.983122	1.08147	0.997167	1.29809	1.18679	1.15597	0.948011	0.906516	1.58691	0.870195	0.934844	0.842676	0.635644	0.745166	0.634269	0.542032	0.593029	0.585192	0.494691	0.659249	
sma_cys_cys_	15.1745	1.14136	1.18966	0.809534	0.818685	1.33818	0.001	1.92048	0.926487	1.46423	0.98662	0.802883	0.204399	1.11531	0.660924	0.531191	1.35606	1.20432	0.834487	0.875312	
sma_sma_cys_	12.1147	0.338683	1.10317	1.11101	1.19442	0.904472	1.0721	1.18046	1.70108	0.751999	0.805105	1.04827	0.788484	1.24107	0.73545	0.367788	0.871848	0.929153	0.420958	0.974012	
sma_cys_pro_	7.70768	0.253636	0.859202	0.989431	1.06126	0.660828	1.60577	0.731611	1.05517	0.750885	0.950079	1.10619	0.635909	1.05335	0.587488	0.47217	1.00449	0.856409	0.370883	0.729427	
sma_cys_ami_	12.0432	0.935543	1.34081	0.801793	1.0625	1.05624	1.18458	1.1244	0.838522	0.938607	0.988417	1.16265	0.753932	0.952279	0.790039	0.50797	0.741016	0.756816	0.547204	0.807153	
sma_pro_pro_	2.01582	1.10217	0.957347	0.781739	0.966259	0.542418	1.08544	1.17749	1.09349	0.652594	0.988032	0.964838	0.877251	0.598342	0.709146	0.607944	1.164	1.24051	0.358149	0.469588	
sma_sma_pro_	1.48741	0.909452	1.20467	0.88694	0.960387	0.829327	1.72732	1.09304	0.753617	0.747894	0.753395	0.789022	0.773623	0.962751	0.844807	0.493804	0.840409	0.799685	0.465451	0.770112	
sma_pro_ami_	1.08735	0.936823	0.895096	0.941319	0.951959	0.722075	1.3839	1.12594	0.855512	0.701066	0.787317	0.878668	0.810887	0.991725	0.542482	0.702442	0.711112	0.955552	0.513706	0.823225	
sma_ami_ami_	0.605527	0.597781	0.955386	1.01757	1.0386	1.09023	1.56428	1.11121	0.85726	0.912389	0.826777	0.841009	0.970612	1.2851	0.853848	0.766617	0.536616	0.672807	0.606052	0.718221	
sma_sma_ami_	1.51219	1.06566	0.909675	1.06209	1.22126	1.02922	0.907315	1.25429	1.33485	0.859433	0.990008	0.91507	0.868664	0.897706	0.702205	0.581472	0.640337	1.03915	0.564205	0.774987	
cys_cys_cys_	0.001	0.001	7.4354	0.001	0.001	0.001	0.001	0.001	0.001	0.001	0.001	0.001	10.22	0.001	0.001	0.001	0.001	6.02162	0.001	0.001	
cys_pro_pro_	6.69069	2.11363	0.55077	1.12435	0.505361	0.55069	1.33814	0.508063	1.07232	0.834317	0.609025	1.48682	1.51407	0.001	0.001	0.327896	0.837074	0.001	0.618138	1.21571	
cys_cys_pro_	12.0432	0.001	0.826155	1.12435	0.001	1.65207	0.001	0.762095	0.643394	1.25148	0.456769	1.78419	1.13555	0.001	0.91795	0.001	0.001	0.001	0.001	1.21571	
cys_pro_ami_	9.80265	0.442389	1.0375	0.862876	1.26928	0.461043	1.68045	0.744372	0.897759	1.13506	0.764822	1.05806	1.66372	0.432291	0.64043	0.411776	1.22641	0.933585	0.258756	0.678537	
cys_ami_ami_	9.66261	0.663583	1.38333	1.29431	1.50727	0.950901	1.68045	0.95705	0.807983	0.982263	1.24284	0.746868	0.950695	0.486327	0.864581	1.02944	1.05121	1.40038	0.679233	0.890579	
cys_cys_ami_	29.1045	0.792613	0.413078	0.001	0.568531	0.826036	1.0036	1.90524	1.60849	2.34652	0.001	2.23023	1.98722	1.16178	0.91795	0.001	0.627805	0.001	0.231802	1.82357	
pro_pro_pro_	0.001	0.001	1.01392	0.001	1.08538	0.506885	1.64226	1.55883	0.658017	1.40791	0.747439	0.729894	0.696816	0.633699	0.563288	1.20725	1.54098	1.09484	0.001	0.497337	
pro_ami_ami_	0.938435	0.494096	0.45063	0.788508	0.472545	0.80458	1.09484	1.06891	0.676817	0.828899	0.996586	0.799408	1.10606	0.965636	1.0014	0.651534	1.07624	0.677759	0.650249	0.710481	
pro_pro_ami_	0.314172	1.98498	1.03449	0.879929	0.771225	0.452524	1.57086	1.19284	1.10776	0.734562	0.571954	1.11706	0.355477	0.727376	1.07759	0.230953	0.393061	0.733067	0.36282	0.951426	
ami_ami_ami_	0.364947	0.001	0.60084	0.51107	0.413477	0.90113	1.09484	1.80132	0.818865	1.25148	0.332195	1.21649	1.13555	1.12658	1.0014	0.983688	0.684878	0.608245	0.50575	0.552596	
