buried	CYS	MET	PHE	ILE	LEU	VAL	TRP	TYR	ALA	GLY	THR	SER	ASN	GLN	ASP	GLU	HIS	ARG	LYS	PRO	
bas_bas_bas_	2.9009	2.29577	1.19616	0.815594	1.37251	2.09401	4.37331	3.31517	0.466642	0.906879	0.662023	0.647143	0.001	1.68221	1.66133	1.78142	0.911505	0.969844	0.001	1.32133	
bas_aci_aci_	0.949043	1.50143	0.196363	1.19939	1.07711	1.27175	0.477469	1.26506	0.914375	0.593305	1.72983	1.69091	0.672588	1.28346	0.760922	0.699474	2.38232	0.317738	0.330166	1.29594	
bas_bas_aci_	1.01398	3.20739	1.1143	0.7598	0.767542	0.209891	1.35861	1.15869	0.705842	0.739353	0.924621	1.0543	0.670748	0.78403	1.16096	0.913163	1.48525	1.46754	0.235474	1.02591	
bas_aci_hyp_	1.39623	1.5506	1.75635	1.10115	1.07996	1.07111	1.37883	1.43703	0.932515	0.696826	0.815627	0.93364	0.909612	0.672705	0.684919	0.602136	1.39976	1.16227	0.352285	0.773704	
bas_aci_oxy_	0.718936	1.70537	1.18456	0.942132	0.770643	0.815269	0.842917	1.18616	0.942456	0.898084	1.44659	1.38738	0.950352	1.06468	0.795703	0.765027	1.95461	1.48013	0.333362	0.654754	
bas_aci_sma_	1.15537	2.15037	1.45626	0.9738	1.003	1.16323	2.18515	1.2168	0.971408	0.966148	1.25476	0.893674	0.866849	0.578386	0.856323	0.534637	1.57871	1.04458	0.48825	0.804836	
bas_aci_cys_	2.50769	0.992807	0.86192	0.822497	1.18654	1.03483	1.68076	1.27424	0.738924	0.65354	1.42948	1.02497	0.71129	0.485417	0.383721	0.924407	1.31275	0.698896	0.387817	0.761867	
bas_aci_pro_	1.4653	1.93224	1.40916	0.686549	0.785884	1.10819	1.22755	1.58152	0.745566	0.687136	0.501676	0.707919	0.623383	0.378302	0.280462	0.420546	1.84004	0.897901	0.396434	0.593622	
bas_aci_ami_	1.03523	1.22862	1.49286	0.775718	0.783624	0.427546	2.2534	1.31431	0.665273	0.593305	0.865414	0.65392	1.07554	0.800457	0.830006	0.72064	1.84111	1.55589	0.599484	0.78581	
bas_hyp_hyp_	1.40487	1.98347	1.97012	1.79846	1.8014	1.7156	1.57584	1.16517	1.16423	0.70364	0.831958	0.863371	0.561432	0.555585	0.581855	0.741966	1.0433	0.514079	0.196691	0.648423	
bas_bas_hyp_	1.35879	1.40606	2.13178	1.48263	1.51257	1.28252	2.20568	1.35382	1.02403	0.775891	1.02474	0.827159	0.829672	0.545969	0.862122	1.05266	2.42773	0.664002	0.18232	0.761867	
bas_hyp_oxy_	1.76739	1.64023	1.46361	1.64743	1.39538	1.45471	1.64738	1.08989	1.23867	0.949074	1.05519	1.00284	0.965637	0.801629	0.850528	0.773948	1.27156	0.719902	0.279773	0.732126	
bas_hyp_sma_	1.30785	2.41135	1.64995	1.77155	1.80578	1.52881	1.9916	1.30306	1.37143	0.965066	1.00696	0.941754	0.701731	0.704247	0.707793	0.689789	1.19409	0.665994	0.275574	0.800448	
bas_hyp_cys_	4.20734	2.19787	1.69992	1.58431	1.83124	1.64908	1.69222	1.25088	1.06816	0.763113	0.729704	1.01322	0.883004	0.748843	0.579	0.538166	1.00473	0.563128	0.195729	1.04795	
bas_hyp_pro_	2.32639	1.84115	1.76868	1.62677	1.23277	1.32237	2.02674	1.5365	1.0299	0.945336	1.16714	0.783957	0.864913	0.680064	0.651906	0.698986	0.974496	0.657052	0.228265	0.785262	
bas_hyp_ami_	1.67899	2.31328	1.59875	1.44757	1.29814	1.04505	1.71674	1.23539	1.14844	0.958977	1.03637	1.08397	0.902757	0.906723	0.703329	0.612028	1.18188	0.909576	0.329136	0.826463	
bas_oxy_oxy_	0.282704	1.1156	1.39421	1.06928	0.800394	0.785236	1.13364	1.23513	1.13184	1.057	1.18895	0.754218	0.839142	1.03535	0.936479	0.762004	1.15084	1.03628	0.457444	1.24085	
bas_bas_oxy_	1.97293	2.92683	2.23595	1.38581	1.07352	1.32258	1.98311	0.940014	1.34671	1.84899	0.562869	1.53882	1.60744	1.8111	1.41228	1.09062	2.168	1.48333	0.229222	1.27292	
bas_oxy_sma_	1.93082	2.01403	1.0675	1.12215	1.25391	1.17679	1.72036	0.919964	1.10669	1.35055	1.2707	0.96849	0.957953	0.814682	0.884936	0.711903	1.32301	0.719014	0.356328	0.8264	
bas_oxy_cys_	8.21738	2.60174	1.86346	1.38581	0.855908	1.61062	2.0657	2.03553	0.924523	1.22016	0.656514	1.64866	1.28149	0.477343	0.659599	0.606344	1.54886	0.961771	0.191185	1.12328	
bas_oxy_pro_	2.07236	1.47621	1.19616	1.22289	1.01984	1.11157	2.29126	1.73699	1.09858	1.32747	1.1814	0.831755	1.23356	0.641461	1.09208	1.06925	0.781433	0.693032	0.240729	0.6926	
bas_oxy_ami_	1.09382	2.1149	1.45226	1.1948	0.965786	1.15282	2.56408	1.20368	0.995364	1.25272	0.997418	0.758547	0.998788	1.03347	1.02992	0.925418	1.52598	0.690645	0.36638	1.06984	
bas_sma_sma_	1.38632	2.00448	1.20195	1.20868	1.42886	1.2422	1.68157	1.47503	1.26663	0.970957	1.00278	0.927013	0.555971	0.813368	0.701172	0.587574	1.32088	0.990498	0.277431	0.667987	
bas_bas_sma_	0.907218	1.57865	2.16723	0.917418	1.1325	1.01013	2.18715	0.967632	1.01959	0.991805	1.11648	0.889446	0.668638	0.771555	1.41228	1.06925	2.39108	0.667081	0.16881	0.551136	
bas_sma_cys_	4.63796	0.387248	1.50974	1.44065	1.70928	1.46048	2.2088	1.39558	0.980692	1.06832	0.779829	0.707919	0.554229	1.22723	0.727601	0.840091	1.07377	1.38712	0.226962	1.55663	
bas_sma_pro_	0.902797	2.85547	1.36377	1.47869	1.19522	1.48871	2.11606	1.83322	1.37663	0.940021	0.891768	1.17312	1.02312	0.93045	0.723852	0.628491	1.41672	0.553359	0.279319	0.913421	
bas_sma_ami_	1.23346	2.09088	1.3797	1.33635	1.38329	1.12652	1.77074	1.84549	1.11771	1.156	0.823737	1.00137	1.07362	0.919662	0.988898	0.584725	1.16189	0.853929	0.327031	0.722465	
bas_cys_cys_	9.48143	0.001	0.001	0.533619	1.79451	1.174	0.001	0.001	1.21883	4.14714	0.001	0.423478	1.07554	1.46667	0.869482	0.001	2.38232	0.634475	0.001	1.15205	
bas_bas_cys_	2.46591	0.976277	0.508943	1.03961	1.16678	0.255151	4.95628	2.81804	0.792591	0.963496	1.12474	0.550221	1.04868	0.953686	0.84777	0.606344	1.54886	0.001	0.001	0.001	
bas_cys_pro_	8.21738	4.06465	2.54071	2.88602	1.16678	2.11892	3.09805	0.783512	0.990489	1.12391	0.937449	1.6029	0.874065	0.397953	0.706642	1.00991	0.645941	1.0304	0.001	1.24798	
bas_cys_ami_	1.12141	1.33092	0.924532	0.945188	1.37874	1.15623	1.1272	1.06806	0.900536	1.1385	0.51179	0.999584	0.794695	0.21752	1.15569	0.413735	2.4635	1.31114	0.260343	1.1913	
bas_pro_pro_	1.23346	2.92683	2.03277	1.03961	1.39994	1.0176	1.23982	1.40952	0.792591	0.770997	1.40567	1.09944	1.04868	0.477343	1.13003	1.81703	0.77493	0.412759	0.286277	0.375093	
bas_bas_pro_	0.001	0.001	2.964	1.73201	1.36108	0.848169	2.0657	2.73979	0.825574	0.642664	2.10801	1.6029	1.74713	2.38272	0.941856	1.51436	3.22571	1.37353	0.238731	0.936232	
bas_pro_ami_	2.01317	1.19522	1.86691	0.848842	0.667162	0.83088	1.51792	0.575907	1.37417	0.943853	0.574336	1.12186	0.856247	0.389852	1.6139	1.35994	1.89634	0.673259	0.233879	0.459073	
bas_ami_ami_	1.29832	2.05422	0.892127	0.729847	0.982712	0.536054	0.435674	1.48365	0.903692	1.01415	1.77532	1.15726	1.34889	0.502414	0.991374	1.48781	2.17343	1.44577	0.601584	0.788564	
bas_bas_ami_	3.16114	4.00214	1.30342	1.7764	0.598838	0.913336	3.17746	1.92718	0.812889	0.494588	1.00948	1.12761	0.538271	1.22239	1.30372	0.777083	1.19166	0.634475	0.147296	0.960212	
aci_aci_aci_	1.76165	2.78751	0.001	0.001	0.667162	0.001	3.54049	0.671725	2.5454	0.001	1.20501	0.785602	0.499894	0.001	1.6139	0.433389	1.10661	1.17745	0.001	1.60425	
aci_hyp_hyp_	1.05036	1.75913	1.86216	1.87533	1.52891	1.52322	1.57953	1.29952	1.13749	0.770771	0.990787	0.942707	0.581334	0.686285	0.373917	0.367121	1.10532	0.99957	0.508569	0.739081	
aci_aci_hyp_	0.906742	1.58807	1.65415	1.23679	1.1882	1.21505	1.3016	1.57835	1.22682	0.83971	1.07755	1.08214	0.825943	0.501098	0.667748	0.509426	1.42292	1.94632	0.555082	0.747222	
aci_hyp_oxy_	1.05763	1.59489	1.53197	1.51288	1.4065	1.16877	1.56093	1.13939	1.23107	0.92675	1.11119	1.11931	0.833715	0.75396	0.553036	0.467273	1.54575	1.10969	0.60098	0.867953	
aci_hyp_sma_	1.27463	1.8197	1.71388	1.60962	1.53001	1.48404	1.25233	1.1392	1.29572	0.943304	1.05314	0.83102	0.714647	0.545075	0.454979	0.403152	1.11349	0.948013	0.439888	0.710236	
aci_hyp_cys_	3.38421	1.91331	1.55471	1.57588	1.3908	1.15714	1.94425	1.51079	1.0875	0.786095	0.794227	1.16406	0.685757	0.636124	0.421618	0.546997	1.88271	0.743781	0.672241	0.9399	
aci_hyp_pro_	0.952704	1.73315	1.86411	1.03025	1.29731	1.16872	1.57942	1.41496	0.772725	1.0341	0.94468	1.06127	0.648214	0.644707	0.556795	0.655426	1.55484	1.30464	0.540714	0.622081	
aci_hyp_ami_	1.29295	1.40002	1.80857	1.18525	1.15874	1.19288	1.26545	1.29619	1.12561	1.08431	1.27974	0.955509	1.01255	0.868273	0.577193	0.518674	1.55953	1.1596	0.536141	0.836904	
aci_oxy_oxy_	2.34854	1.16204	1.21039	1.52594	0.916973	1.05996	2.21318	1.62192	1.10829	0.848913	0.937449	1.6029	1.08194	0.68149	0.605836	0.361324	1.19875	1.27549	0.64627	0.669023	
aci_aci_oxy_	0.676319	1.337	0.696812	0.949499	0.44815	0.836564	1.69801	1.41595	1.13959	1.10853	0.46281	0.753358	0.479392	1.04504	0.542314	0.747315	1.90932	1.12911	0.626265	0.718438	
aci_oxy_sma_	1.49928	1.76032	1.29576	1.69807	1.17135	1.0475	1.5556	0.866366	1.24271	1.23903	1.01457	1.30405	0.877488	0.710845	0.687271	0.452041	1.42746	1.32509	0.470868	0.763856	
aci_oxy_cys_	12.5771	0.399072	1.03762	1.13146	0.95266	1.55702	0.001	2.10899	1.21262	1.101	1.49167	1.23395	1.28387	1.36198	0.692241	0.371619	1.26456	0.841324	1.04896	1.22253	
aci_oxy_pro_	0.922463	0.912474	1.80491	1.2305	1.1341	0.856086	1.39033	0.966342	0.777795	0.864548	0.578623	1.07891	0.980138	0.535217	0.475824	0.679891	2.31556	1.23243	0.320937	0.770163	
aci_oxy_ami_	1.58107	0.876249	1.30342	1.24378	1.07711	0.783002	1.58923	1.44564	1.09198	1.11157	1.22559	1.16281	1.16509	1.03918	0.688548	0.544258	1.78699	1.32074	0.513036	0.960212	
aci_sma_sma_	1.0997	1.43745	1.45789	1.67834	1.18486	1.45892	1.29744	0.965492	1.37401	1.12018	1.03545	0.852506	0.5289	0.591813	0.548009	0.423333	1.53086	1.29373	0.487519	0.725986	
aci_aci_sma_	0.60962	1.44586	0.816216	1.24049	0.950897	0.942299	1.07159	1.10231	1.36918	1.14174	0.972132	1.2893	0.6046	0.647886	0.732777	0.524137	2.38967	2.23771	0.388414	1.15561	
aci_sma_cys_	4.3146	1.95155	1.52483	1.12616	1.69139	0.890527	1.23982	1.40952	0.792591	1.156	1.68661	0.893485	0.699452	0.358257	0.424385	0.152336	1.16189	1.23628	0.428916	0.936232	
aci_sma_pro_	0.855883	0.90299	1.52776	1.28175	1.13309	0.764921	2.00603	0.923731	1.00765	1.04695	0.618082	1.46136	0.929577	0.441549	0.555724	0.525865	1.96938	1.28626	0.39676	0.779459	
aci_sma_ami_	1.69066	1.80998	1.107	1.45282	1.22319	0.984809	1.29976	1.59127	1.15008	0.994544	0.793961	1.01972	0.874065	0.654051	0.638354	0.367136	1.49893	1.0636	0.530143	0.815557	
aci_cys_cys_	21.9113	0.001	1.12976	0.770338	1.55538	1.13056	0.001	4.1744	0.880546	0.428776	1.8739	1.83174	0.001	0.001	0.628237	0.001	1.72084	0.001	0.001	0.001	
aci_aci_cys_	5.19029	1.02761	0.535676	0.001	0.982712	1.60616	1.30502	0.495218	0.834254	0.406261	1.77532	2.31351	0.736212	0.502414	0.595225	0.319602	2.44499	0.43443	0.001	0.394782	
aci_cys_pro_	2.46591	0.651185	0.339628	0.693405	1.39994	0.678735	0.82688	0.940014	0.924523	1.28433	0.937449	1.09944	0.466635	0.636124	0.941856	0.404563	1.54886	0.275506	0.571555	0.001	
aci_cys_ami_	7.70385	2.43919	1.90578	3.03027	0.875337	2.22482	0.001	0.587884	1.23786	1.68537	2.10801	1.37405	1.3106	0.596429	1.7651	1.13602	2.90324	1.5451	0.001	1.87146	
aci_pro_pro_	0.986965	1.56144	0.813708	0.277962	1.4932	0.001	0.992056	1.12782	0.95091	1.079	0.899991	0.660066	0.839142	0.763149	0.678416	0.243138	1.23929	1.97744	0.229222	0.300274	
aci_aci_pro_	2.1444	1.69713	0.884378	1.50623	1.42021	0.885002	0.001	1.63407	1.2056	1.67491	0.733873	2.15013	0.304675	0.829423	0.246441	0.264193	0.673982	2.14931	0.001	0.651596	
aci_pro_ami_	1.76165	0.465418	0.484755	0.330716	0.778189	0.364072	1.18083	2.01317	0.754897	0.642664	1.07123	0.654835	1.33138	0.22783	0.807448	0.577519	2.58077	0.589227	0.272693	1.06984	
aci_ami_ami_	0.514524	1.2201	0.847571	0.866506	0.583892	0.954065	1.03335	0.196628	0.33083	1.36454	1.63979	1.37405	1.01958	0.993382	0.589035	0.253227	2.25829	1.0304	0.833059	0.468616	
aci_aci_ami_	0.548758	1.73483	2.25852	0.616471	0.622751	0.678735	1.10217	1.87903	0.792591	1.02766	1.99876	1.95379	1.86354	1.27125	0.50279	0.942647	1.37687	1.46503	0.50816	0.49979	
hyp_hyp_hyp_	1.45693	1.86268	1.82209	2.20169	1.90455	1.95776	1.08813	0.840883	1.17733	0.618961	0.640517	0.571539	0.319252	0.433308	0.213764	0.312015	0.630825	0.32528	0.232089	0.500445	
hyp_oxy_oxy_	1.18961	1.62004	1.67139	1.47339	1.45339	1.36719	1.37203	1.17384	1.11173	0.987083	0.960397	0.873676	0.751905	0.671269	0.621295	0.618308	1.2246	0.782203	0.397907	0.716656	
hyp_hyp_oxy_	1.32946	1.94745	1.79751	1.96597	1.69249	1.60937	1.47715	1.05072	1.17672	0.779913	0.831384	0.762972	0.578877	0.546538	0.422899	0.422829	0.890612	0.566193	0.280872	0.701932	
hyp_oxy_sma_	1.41024	1.90774	1.51783	1.64453	1.59584	1.4709	1.34163	1.06752	1.2486	1.01508	0.92741	0.951414	0.624936	0.635638	0.573006	0.493866	1.00841	0.690418	0.263123	0.839319	
hyp_oxy_cys_	5.40135	1.94732	1.58763	1.63814	1.29575	1.55567	1.29088	1.18241	1.0141	1.06998	0.854164	1.19237	0.607032	0.600304	0.466326	0.447458	1.14259	0.572639	0.273282	0.747563	
hyp_oxy_pro_	1.12451	1.80607	1.68479	1.51205	1.34068	1.48238	1.43831	1.45362	0.88662	0.952861	1.07973	0.949241	0.695593	0.724726	0.593583	0.502667	1.54031	0.808593	0.331985	0.879395	
hyp_oxy_ami_	1.51787	1.42246	1.70374	1.50355	1.34519	1.47446	1.58589	1.28597	1.10346	0.979862	1.09744	1.01495	0.93981	0.934401	0.581512	0.584287	1.31699	0.734498	0.310532	0.897611	
hyp_sma_sma_	1.31442	1.80473	1.53328	1.62904	1.66143	1.51143	1.02782	0.975224	1.34003	0.919265	0.946689	0.779851	0.554327	0.508634	0.464133	0.347447	0.594484	0.539641	0.219764	0.684429	
hyp_hyp_sma_	1.32219	1.95323	1.73921	1.85664	1.87071	1.69617	1.25	1.00877	1.25009	0.777797	0.770099	0.657802	0.436194	0.468404	0.343738	0.317297	0.741421	0.463616	0.253631	0.627776	
hyp_sma_cys_	3.88408	2.11187	1.78228	1.59448	1.75766	1.59553	1.29073	1.05578	1.03115	0.971407	0.816865	0.670599	0.565502	0.496919	0.410852	0.34928	0.743124	0.497367	0.235474	0.738936	
hyp_sma_pro_	1.60457	1.92255	1.44552	1.48105	1.49182	1.5363	1.61285	1.65038	1.21855	1.0601	0.930486	0.889146	0.598189	0.5588	0.399727	0.276668	0.936045	0.812272	0.255522	0.779781	
hyp_sma_ami_	1.33475	1.95255	1.67599	1.53496	1.62203	1.55003	1.86018	1.29041	1.23344	0.9463	1.08229	0.805627	0.749723	0.764511	0.525459	0.529402	0.909646	0.686214	0.30681	0.734291	
hyp_cys_cys_	14.4184	1.10509	1.53441	1.82999	1.58471	1.43959	0.935959	1.24121	0.747784	1.09062	0.849105	1.45177	0.132783	0.360504	0.640072	0.229432	1.1692	0.467142	0.108652	0.565668	
hyp_hyp_cys_	2.5706	1.93398	1.96217	2.15752	1.80144	1.78038	1.27649	0.871129	1.17769	0.79379	0.557807	0.799739	0.567312	0.479182	0.356999	0.250305	0.61855	0.340158	0.258007	0.617266	
hyp_cys_pro_	6.16328	2.43919	2.38198	1.67792	1.09392	1.66886	1.93666	0.807966	1.23786	1.08381	0.22048	1.24533	0.546665	0.670858	0.353821	0.142878	1.57304	0.644373	0.0901491	0.468616	
hyp_cys_ami_	5.6475	2.40697	2.28338	1.52612	1.52114	1.7028	1.41991	1.11789	1.1169	0.849014	1.09009	1.18654	0.677914	0.672497	0.697316	0.454342	1.22838	0.799123	0.126673	0.824993	
hyp_pro_pro_	0.913931	1.98768	2.25852	0.962673	1.12361	1.31882	2.29511	1.91381	1.21038	0.8922	0.573274	1.01808	0.389029	0.53027	0.262349	0.841756	1.29088	0.839768	0.423633	0.97087	
hyp_hyp_pro_	1.63306	2.1313	1.92875	1.79227	1.64026	1.47906	1.37089	1.41112	1.01143	0.85772	0.748881	0.769535	0.382407	0.566759	0.4056	0.389412	0.825116	0.574371	0.312566	0.950915	
hyp_pro_ami_	1.63011	1.62646	2.01525	1.35397	1.67598	1.34478	1.63852	1.08033	0.956369	1.02988	1.21193	0.963716	0.843959	0.849657	0.552536	0.383689	1.55775	0.663601	0.246929	0.688987	
hyp_ami_ami_	0.972026	1.77423	1.29394	1.49072	1.39994	0.986796	2.10324	1.36684	1.21237	0.875996	1.26095	1.16601	1.10159	0.664994	0.651046	0.789782	0.657668	1.14893	0.398659	0.749186	
hyp_hyp_ami_	1.31562	1.9949	1.83985	1.69914	1.67219	1.68301	1.75287	1.28717	1.22917	0.851885	1.01577	0.939669	0.726261	0.747752	0.400151	0.485276	0.964112	0.673124	0.312212	0.841386	
oxy_oxy_oxy_	2.55091	1.17806	2.19041	1.07542	1.32758	0.877381	1.28254	1.94379	0.581045	1.09625	0.679118	1.27936	0.663325	0.411641	0.779639	0.418479	1.33536	0.781922	0.443672	0.645988	
oxy_sma_sma_	1.74895	1.68898	1.13654	1.26597	1.23964	1.19844	1.16239	0.892612	1.25689	1.25039	0.845155	0.898766	0.748142	0.894143	0.672717	0.51758	0.856788	0.644373	0.302736	0.540557	
oxy_oxy_sma_	1.17965	1.05535	1.5639	1.52688	1.13528	1.08946	1.90688	1.25042	1.35872	1.21763	1.064	1.30269	0.683479	0.674417	0.951636	0.46665	1.06294	0.839927	0.202651	0.685411	
oxy_sma_cys_	4.03449	0.592077	1.54022	1.09206	1.1032	1.23325	0.30132	0.74083	1.36829	0.980996	1.02258	1.29916	1.01693	0.982556	0.514194	0.221125	0.939096	0.599922	0.312212	0.454446	
oxy_sma_pro_	1.78174	2.00347	1.35294	1.02776	1.2776	1.1413	1.69672	1.21493	1.14474	1.11354	1.02646	1.14956	0.691485	1.16016	0.902504	0.392287	1.11923	0.846437	0.196247	0.854444	
oxy_sma_ami_	0.675608	1.56144	1.13451	1.25462	1.13979	1.15672	1.2007	1.2662	1.0259	1.07089	0.994621	1.07632	0.912663	0.963715	0.916106	0.587228	1.40222	0.833186	0.28928	0.851569	
oxy_cys_cys_	32.8665	0.001	0.753507	0.513892	0.864543	0.942299	0.001	1.39213	0.880546	1.42692	0.001	1.42491	0.001	2.47093	0.210079	0.225202	1.14756	0.91602	0.212316	0.555212	
oxy_oxy_cys_	7.61982	1.41958	1.29394	1.5117	0.59449	1.84937	0.90196	1.02538	1.08044	1.051	0.818264	0.799867	0.762947	1.38673	0.924749	1.10163	1.68957	1.04911	0.104737	0.953236	
oxy_cys_pro_	20.1685	0.887616	0.462766	1.25992	1.0608	1.61832	2.2534	0.001	1.62016	1.75099	0.767185	0.749938	1.27091	1.30012	0.257597	0.82647	3.51886	0.001	0.260343	1.02125	
oxy_cys_ami_	6.99105	0.583255	1.66887	1.6545	0.766589	1.29072	1.11039	1.40251	1.06433	1.20771	0.588028	1.14863	1.04347	0.854152	0.675046	0.543099	1.84919	0.738479	0.34163	1.00603	
oxy_pro_pro_	3.08214	0.001	1.69414	1.44351	0.778189	1.27175	2.0657	1.17477	0.66066	2.08641	0.469224	1.14521	0.874065	0.794905	0.471428	0.001	0.645941	1.0304	0.001	1.24798	
oxy_oxy_pro_	1.83657	0.208506	1.51402	1.40054	0.794725	0.920268	1.05532	1.09985	0.92733	0.861103	0.778053	1.22798	0.595427	0.406398	0.601546	0.902577	1.81232	0.614258	0.183092	0.876536	
oxy_pro_ami_	1.26506	1.00128	2.60583	1.12542	0.877828	0.95678	2.54217	1.60615	0.677574	0.856552	1.05751	1.31538	1.61281	0.489557	0.96598	0.621866	1.58855	1.12718	0.147296	1.08811	
oxy_ami_ami_	0.870969	1.37786	0.598579	0.897053	1.09821	0.957802	2.62438	1.43714	1.07198	0.816291	1.19084	1.22867	1.23356	1.68221	0.59872	0.998038	1.45781	1.35738	0.135248	1.14528	
oxy_oxy_ami_	0.676319	0.802598	0.975136	1.1392	0.831421	1.39361	1.69801	1.28732	0.922716	1.08216	1.00159	0.941447	1.24482	1.3713	0.851637	0.664391	1.1672	0.565053	0.469949	1.1284	
sma_sma_sma_	1.38528	1.76781	1.32607	1.5564	1.09075	1.52038	0.943581	0.885579	1.12672	1.14484	0.774588	0.59798	0.393246	0.553282	0.440748	0.384823	0.702023	0.657427	0.311084	0.543163	
sma_cys_cys_	15.4067	0.001	1.90578	0.866506	0.583892	0.318688	1.54953	2.34854	0.743117	1.68537	0.352168	0.687527	0.437532	1.19186	0.706642	0.001	0.968412	2.57449	0.001	0.936232	
sma_sma_cys_	5.54705	1.46392	0.762914	1.21271	1.0502	1.44119	0.82688	1.09652	0.66066	1.05975	0.890626	0.733295	0.699452	0.397953	0.565513	0.152336	0.516953	0.687265	0.238731	0.49979	
sma_cys_pro_	5.11686	3.31326	0.959382	1.56871	0.704869	1.15187	0.935959	0.70969	0.747784	2.03495	1.06113	0.93364	1.31883	1.43902	0.107512	0.115216	1.75329	0.001	0.108652	0.565668	
sma_cys_ami_	4.8735	0.227809	0.946009	0.806122	0.86856	1.00578	1.44149	1.20206	0.875432	1.74692	0.981005	1.15053	1.0568	1.10877	0.460488	0.282556	1.62085	1.15009	0.332718	1.82796	
sma_pro_pro_	1.33339	1.05535	3.29576	1.12382	0.757184	0.962651	2.67953	3.55403	0.963746	1.3537	1.064	0.594753	0.756083	0.001	0.611285	0.328213	2.0927	1.11386	0.309408	0.203212	
sma_sma_pro_	1.42993	2.07405	0.540842	1.27208	1.12736	1.00778	1.07823	0.998986	1.24384	1.15414	1.05959	0.823505	0.473383	0.415211	0.382796	0.527386	1.12264	0.557969	0.249067	0.651596	
sma_pro_ami_	1.15283	2.55313	2.08974	1.29521	1.09052	1.37864	1.85344	1.22962	1.29566	1.18838	1.15625	0.873595	1.17597	0.802325	0.423066	0.736465	1.73692	0.616714	0.107646	1.11978	
sma_ami_ami_	0.753645	1.93666	1.16423	1.48095	1.56724	1.04864	1.89233	1.07621	1.08868	0.853287	1.24483	1.04913	1.28061	0.87369	0.518111	0.370676	0.591786	1.32114	0.305876	0.34368	
sma_sma_ami_	1.10037	1.55778	1.57491	1.23628	1.42402	1.50443	1.74582	0.68432	1.18095	0.796302	1.09572	0.864799	0.640428	0.470634	0.570814	0.583608	0.582356	1.21888	0.228686	0.756211	
cys_cys_cys_	1	1	1	1	1	1	1	1	1	1	1	1	1	1	1	1	1	1	1	1	
cys_pro_pro_	8.21738	0.001	3.38728	0.001	0.001	0.001	8.2598	0.001	2.63964	1.28433	1.8739	1.83174	2.32917	0.001	0.001	0.001	0.001	0.001	0.001	2.49495	
cys_cys_pro_	6.16328	0.001	2.54071	1.73201	1.16678	0.001	0.001	4.69607	1.97998	0.001	1.40567	4.12016	0.001	0.001	0.001	0.001	0.001	0.001	1.42739	0.001	
cys_pro_ami_	14.5664	0.887616	3.23336	1.88938	2.12061	0.694138	2.2534	0.001	0.720629	2.45099	1.53337	0.999584	0.635956	0.867079	0.257597	0.82647	0.001	1.12398	0.519686	0.681169	
cys_ami_ami_	0.001	2.43919	1.27086	1.73201	0.001	1.90713	0.001	0.001	1.97998	2.40724	0.703337	0.001	0.874065	1.19186	0.706642	0.001	0.001	4.11859	0.714193	0.001	
cys_cys_ami_	14.0862	0.001	1.45226	0.990149	0.001	1.45329	0.001	4.02535	1.69727	1.101	0.80367	2.35481	0.998788	0.001	0.807448	0.001	0.001	2.35391	0.001	1.06984	
pro_pro_pro_	0.001	0.001	0.001	0.001	0.001	5.08401	0.001	0.001	3.95896	0.001	0.001	0.001	0.001	0.001	0.001	0.001	0.001	8.23618	0.001	0.001	
pro_ami_ami_	0.633029	0.167714	0.261483	0.001	0.001	0.174778	0.636292	0.562803	0.203972	0.362964	0.48123	0.376536	0.35918	0.001	0.145747	0.259694	0.265591	0.141772	0.001	0.25679	
pro_pro_ami_	0.001	0.001	3.90825	0.533619	1.79451	1.565	1.90688	2.16796	0.914375	2.66637	0.001	1.69091	0.538271	2.93234	0.869482	0.001	0.001	0.001	0.001	1.15205	
ami_ami_ami_	0.001	3.25192	1.69414	1.15501	0.389594	0.424584	4.1304	0.783512	0.990489	0.642664	0.937449	1.83174	1.16509	0.001	0.471428	0.001	1.29088	0.687265	0.001	0.624488	
exposed	CYS	MET	PHE	ILE	LEU	VAL	TRP	TYR	ALA	GLY	THR	SER	ASN	GLN	ASP	GLU	HIS	ARG	LYS	PRO	
bas_bas_bas_	1.51948	1.00235	1.87847	1.28064	1.2937	0.888211	1.01855	1.35076	1.58587	1.14734	0.924022	0.508512	1.1484	1.2726	2.49329	2.92217	0.954541	0.339212	0.821128	0.846004	
bas_aci_aci_	1.11148	0.821167	0.763782	0.936812	0.729278	0.794854	1.41486	1.04449	1.07087	0.694787	0.743513	0.924744	0.651301	0.601877	0.679188	1.12822	0.605353	1.08928	1.20053	0.832433	
bas_bas_aci_	1.6441	0.86782	1.18607	1.07796	1.29618	0.890431	0.551527	1.90491	1.04535	0.610515	0.96856	0.717962	1.04856	0.927123	1.11423	1.46376	0.989804	0.961667	0.983516	0.915351	
bas_aci_hyp_	1.08444	1.06141	1.22307	1.11425	1.46273	1.08283	0.860764	1.11974	1.18216	0.962905	1.01486	1.22074	0.849292	1.22419	0.849862	1.21235	0.967818	1.49652	1.16253	0.85777	
bas_aci_oxy_	1.60894	0.862954	0.984352	0.918925	0.815447	0.985047	1.14801	0.890184	0.90883	0.778745	0.946871	0.844679	0.824059	1.00337	0.785016	0.94363	0.782717	0.902121	0.997511	0.866922	
bas_aci_sma_	1.52983	1.07333	0.831571	1.15272	1.04615	0.910974	0.664584	1.12611	1.10569	0.576266	0.848468	0.875843	0.788645	0.79333	0.844498	0.999372	0.873761	0.778771	0.966123	0.855276	
bas_aci_cys_	14.8713	1.38539	1.44303	0.738141	1.49033	1.80481	0.88024	1.33391	1.68647	1.36724	1.59612	1.36532	2.23174	1.01524	0.802316	1.71955	2.19816	0.585484	0.810891	0.797526	
bas_aci_pro_	1.28106	0.78019	0.772052	0.747808	1.11867	0.914733	1.08972	1.08882	0.633436	0.616183	0.831467	0.768893	0.754331	0.838256	0.925578	0.944089	0.99032	1.28399	0.91268	0.807972	
bas_aci_ami_	2.0072	0.963158	0.978164	0.923172	1.05909	0.878562	0.917617	1.04318	1.02599	0.656189	1.06805	1.16594	0.845094	0.917374	1.18445	1.24019	0.879047	1.32122	0.971967	0.979011	
bas_hyp_hyp_	1.2002	1.44507	1.16138	1.40703	1.61865	1.38799	1.20639	1.41124	1.28193	1.01082	0.832948	0.90716	0.76925	0.867525	1.1115	1.42231	0.623082	1.13327	0.700984	1.093	
bas_bas_hyp_	1.26997	1.29207	1.81901	1.66447	1.42995	1.27201	0.972823	1.65842	1.50494	0.831559	1.1167	1.10505	0.908489	1.21546	1.45409	2.13795	1.2532	1.13155	0.602443	0.991449	
bas_hyp_oxy_	1.68206	0.95119	1.51862	1.20403	1.44725	1.25557	1.04703	1.43428	1.11286	1.07002	1.1597	1.15145	0.919655	1.20763	1.42181	1.30833	1.40851	1.07078	0.723641	1.05796	
bas_hyp_sma_	1.94753	1.51689	1.19799	1.15533	1.28694	1.1861	1.30539	1.07211	1.25619	1.00961	1.0504	0.992354	0.894009	1.02799	1.13317	1.37441	1.18453	0.868104	0.780548	1.20143	
bas_hyp_cys_	17.6488	3.67605	1.53223	0.261912	1.40673	1.15023	0.001	0.70868	1.79073	0.871452	0.847896	0.621874	0.527382	1.43697	1.49004	2.05396	2.33406	0.621637	0.64599	1.12873	
bas_hyp_pro_	1.52662	1.34241	0.804426	1.12	1.0272	1.15456	1.10853	1.00194	0.926451	0.848251	1.1602	0.680866	0.745512	1.60616	0.874494	0.687894	1.01225	0.935459	0.60918	1.18442	
bas_hyp_ami_	1.95853	0.755664	1.18013	1.07256	1.53928	1.23272	0.808236	1.11003	1.22606	0.918248	1.11081	1.01873	0.868578	1.33957	1.08155	1.46787	1.35632	1.27547	0.756184	0.97606	
bas_oxy_oxy_	1.53456	0.506645	1.00173	1.07796	0.726298	1.02879	1.54248	1.07206	1.08859	1.13876	1.19536	1.39628	1.05115	1.18644	1.23025	1.06808	1.36526	1.02571	0.415136	1.35867	
bas_bas_oxy_	0.668382	1.14526	1.1929	1.09458	0.990002	1.28549	1.23085	1.22983	0.876163	0.887035	0.98983	0.967571	1.13565	1.20473	1.45301	1.39414	1.32811	0.632747	0.979368	0.574958	
bas_oxy_sma_	1.47397	0.894627	0.9116	1.0492	0.874124	0.810994	0.839992	0.936218	0.947069	0.905923	0.91874	1.08406	0.988792	0.760068	0.956793	1.00181	1.04929	0.771977	0.671532	0.895193	
bas_oxy_cys_	11.5518	0.91505	1.42916	0.325468	0.438039	0.953781	0.001	0.881064	0.371948	0.181414	0.790893	1.28785	1.96481	2.23319	0.265537	1.13568	0.726343	1.93055	0.535736	0.702215	
bas_oxy_pro_	0.675375	1.0683	0.945982	0.75874	0.766472	0.891023	1.22114	1.43967	0.564086	0.906853	0.831098	0.632098	1.10932	1.46061	0.989449	1.09407	0.763262	0.902225	0.594172	0.819784	
bas_oxy_ami_	1.00207	0.991221	1.20436	1.12582	0.900571	0.775135	1.67807	1.24042	0.95207	0.939154	0.89475	1.20921	1.18292	0.774827	1.54854	1.10732	1.04872	0.865008	0.734776	0.937901	
bas_sma_sma_	1.40998	0.868196	0.839782	1.21036	1.0524	1.13093	0.787809	0.776313	1.62241	1.16249	1.03589	0.768417	0.71077	0.727093	1.07661	1.17364	0.787471	0.602495	0.635157	1.04643	
bas_bas_sma_	1.00606	1.13719	1.06615	1.39246	1.33197	1.0817	1.08341	1.45048	1.09611	0.830762	0.622844	0.608846	0.774006	0.916644	1.36563	1.64064	1.17311	0.744528	0.615839	0.829049	
bas_sma_cys_	14.5081	1.20941	0.63036	0.429958	0.86767	0.788256	0.001	1.45534	0.85921	0.955055	0.697177	1.36201	0.433704	0.886311	0.001	1.31358	4.31618	0.256092	0.707939	0.92803	
bas_sma_pro_	1.00096	1.02969	1.11373	1.0684	0.890114	0.949551	1.30766	0.839063	0.835942	0.953732	0.867165	0.847667	0.596028	1.1218	0.985747	0.59038	0.691726	1.13688	0.440777	1.00262	
bas_sma_ami_	0.862579	0.634092	0.964815	0.917223	1.04882	0.838588	1.30004	1.10288	0.910127	0.702693	0.800605	1.02943	0.994978	0.809713	1.17082	1.16475	0.58068	0.515018	0.699005	0.673477	
bas_cys_cys_	45.0493	0.001	4.64253	0.001	0.001	0.001	0.001	0.001	0.001	0.001	0.001	2.51037	0.001	0.001	0.001	0.001	0.001	0.001	0.001	0.001	
bas_bas_cys_	16.2184	1.42692	1.48629	0.001	1.70545	1.48734	0.001	0.68745	1.15836	1.40823	1.23323	1.2055	0.511591	0.697445	0.413678	2.65616	2.26407	0.001	0.001	1.64184	
bas_cys_pro_	21.6242	2.85284	1.48629	0.001	0.001	0.001	3.62347	2.7468	0.579679	1.40823	0.411745	0.803997	2.55395	0.697445	0.826355	0.443526	0.001	1.80705	0.418094	1.0949	
bas_cys_ami_	10.0117	0.001	1.37627	0.001	0.316639	1.7213	1.67807	1.90781	0.268907	0.522197	0.381319	1.11627	1.89208	2.58042	1.91154	0.820493	1.04872	0.558424	0.001	1.01387	
bas_pro_pro_	0.001	0.001	1.10394	0.752738	1.68857	0.368906	0.001	2.03996	0.717187	0.558319	1.22103	0.796047	1.51761	0.001	0.818183	1.09636	0.561166	0.895086	1.03341	1.35483	
bas_bas_pro_	1.07678	1.06512	0.998583	1.13422	1.2221	1.33205	1.35267	2.0501	0.735145	1.76529	0.981883	1.73883	1.06791	1.87205	1.78722	1.32197	1.52097	1.43866	0.43677	1.55205	
bas_pro_ami_	1.02872	1.22089	1.55406	0.867071	0.713888	0.848722	1.03402	1.7628	0.88112	0.990878	1.13328	0.649809	0.777564	0.729221	1.06015	1.17883	1.18416	0.630487	0.675011	0.728877	
bas_ami_ami_	0.200329	0.474203	0.82251	0.616915	1.09456	1.15193	1.40351	0.988151	1.37728	0.561402	0.773418	0.889271	1.18711	0.617323	1.0966	1.42061	0.376509	0.800139	0.785358	1.15056	
bas_bas_ami_	0.92983	1.47102	1.31348	0.895557	1.58245	1.15023	2.53513	1.56801	1.10893	0.830002	1.08987	1.15405	1.01617	0.770269	1.73315	1.76068	0.750913	0.577306	0.922415	1.04818	
aci_aci_aci_	0.486696	1.15403	1.10196	1.50177	1.28738	1.05265	1.22151	1.3887	1.01486	0.418238	1.21884	1.19143	0.482689	0.564163	1.22457	1.31307	0.76349	1.70482	1.63115	1.03298	
aci_hyp_hyp_	1.05899	1.32293	1.40092	1.65904	1.39153	1.40191	0.952514	1.18892	0.975598	1.0012	0.826043	1.05562	0.868815	1.01252	0.715151	1.04031	1.11995	1.63813	1.34147	1.01512	
aci_aci_hyp_	1.24056	0.620516	0.834526	0.917311	1.05008	1.01001	1.11581	1.34308	1.32094	0.887525	1.14609	1.33836	0.980772	1.08525	0.71818	0.786076	1.06617	1.67933	1.64703	0.852512	
aci_hyp_oxy_	1.59786	0.932103	1.1787	1.087	1.07423	0.8849	0.676834	0.865466	1.17509	0.919901	0.796051	1.13396	0.953595	1.10544	0.655433	0.816289	1.08292	1.11013	1.29469	0.81734	
aci_hyp_sma_	1.49256	1.40733	0.942712	1.2223	1.17773	1.00228	0.957975	0.956082	1.39215	0.922962	0.970352	1.0546	0.972184	0.896394	0.705997	0.912863	0.997421	1.52778	1.37466	0.983541	
aci_hyp_cys_	16.2184	0.001	1.48629	1.01334	0.853225	0.372585	0.001	2.06035	0.869018	0.704616	1.23323	1.40624	0.766886	1.04567	0.620016	0.443526	2.82984	1.50605	0.835188	1.0949	
aci_hyp_pro_	0.804716	0.955004	0.994726	1.01695	1.17176	1.02858	0.324146	0.643973	0.801136	0.766755	0.935343	1.02176	0.661443	0.901843	0.66364	0.573403	0.959928	1.42415	0.800957	0.879239	
aci_hyp_ami_	1.31998	1.08489	1.17184	1.05552	1.25822	1.22497	1.47977	1.12189	1.38579	0.90429	1.09956	1.25568	1.09348	1.07939	0.895599	1.01014	1.11597	1.47554	1.24571	0.971093	
aci_oxy_oxy_	1.2352	0.586994	0.763991	0.729053	0.51467	0.637275	0.745343	0.612223	0.654987	0.6757	1.15446	1.1285	0.840327	0.811929	0.792436	0.57689	0.388512	0.784448	1.20086	1.27471	
aci_aci_oxy_	0.411463	0.894229	0.973712	1.09636	1.06871	0.656987	1.03246	0.665559	0.693042	0.577997	0.796291	0.618338	0.640692	0.833878	0.588525	0.63102	0.452068	0.995221	1.02236	0.623947	
aci_oxy_sma_	1.27195	0.522496	0.58301	1.13816	0.686698	0.806682	0.994624	0.700361	0.824877	0.640651	0.80575	0.944962	0.841314	0.983445	0.701732	0.659934	0.858224	0.991782	0.861774	0.772557	
aci_oxy_cys_	13.4637	0.820493	0.427807	2.03732	0.980569	0.214554	1.04194	1.18453	1.16501	1.13326	0.47312	1.61622	2.34854	1.20177	1.18685	0.255325	0.001	1.38495	1.67896	1.88703	
aci_oxy_pro_	0.259527	1.0239	0.906664	0.872455	0.783531	1.04058	1.04045	0.838134	0.810486	0.445176	0.943886	0.404227	0.696927	0.700442	0.415454	0.635902	1.13741	0.994287	0.719096	0.864189	
aci_oxy_ami_	0.821551	0.650325	0.812634	0.853837	0.746115	0.847049	0.825788	1.00129	0.633436	0.821244	0.674352	0.878592	0.931038	0.857284	0.677521	0.54509	0.670852	1.28947	0.760734	0.872729	
aci_sma_sma_	1.14768	0.649145	0.912428	0.783263	0.915205	0.929962	0.412644	0.812259	1.03999	0.80696	0.673128	0.986496	0.790095	0.982354	0.770081	0.765364	0.772501	1.09558	0.683517	0.796561	
aci_aci_sma_	0.431672	0.409963	1.03048	0.751061	1.07647	0.889109	0.866791	0.919767	0.982984	0.646766	0.864899	0.82626	1.09931	0.79998	0.494161	0.804824	0.974596	1.43986	1.05769	0.654618	
aci_sma_cys_	17.2013	0.001	2.02639	0.461155	1.39555	0.338804	0.824289	0.625045	1.18466	0.768581	0.747808	0.730997	0.929347	0.634131	0.188581	0.805593	3.08701	1.36922	1.13853	1.49268	
aci_sma_pro_	0.32942	0.780664	0.903363	0.831291	0.891539	1.01688	1.32146	0.459745	0.897495	0.633656	0.97421	0.976695	0.869563	1.01647	0.552574	0.592469	1.2384	1.02509	1.01459	0.798494	
aci_sma_ami_	0.817206	0.448152	0.544399	0.688827	0.749295	0.984987	1.07386	1.14907	0.968825	0.72668	0.788141	0.756433	0.926112	0.826056	1.05067	0.926142	0.868379	1.00786	1.0619	0.706124	
aci_cys_cys_	0.001	0.001	6.18971	0.001	0.001	3.09754	0.001	0.001	0.001	0.001	0.001	0.001	0.001	0.001	0.001	0.001	0.001	0.001	0.001	0.001	
aci_aci_cys_	25.7429	0.001	0.001	1.20617	1.62429	0.885725	0.001	4.90421	1.37881	1.34122	1.95693	2.86885	1.21669	1.6592	1.96613	0.001	2.69513	2.86775	0.001	2.60551	
aci_cys_pro_	25.4128	0.001	3.80943	3.24568	0.438039	0.953781	2.3231	0.881064	0.371948	1.44431	0.001	3.08945	1.96481	0.893878	2.1173	0.568341	2.90237	1.54464	0.535736	0.702215	
aci_cys_ami_	11.0332	1.45602	0.758801	3.1	1.39239	0.380168	0.001	1.40192	2.06771	0.86257	1.25838	0.820385	0.522011	0.711658	0.001	0.001	1.15563	1.84391	0.852212	0.55911	
aci_pro_pro_	0.001	2.05268	0.535277	0.183076	0.981979	0.936645	1.95557	1.72947	1.04179	0.912157	1.774	0.578696	1.28666	1.00308	0.891671	0.001	3.25722	1.51687	0.751169	1.18146	
aci_aci_pro_	0.001	1.1921	1.15307	0.605022	0.977296	0.887837	1.08169	0.738237	0.829657	0.907808	1.3244	0.575938	0.488438	0.832079	0.345719	0.529074	0.811168	1.86884	1.39463	0.914755	
aci_pro_ami_	0.321059	0.634179	1.12222	0.855106	0.667037	0.958012	1.12699	1.15931	0.823279	0.57589	0.62113	1.03505	1.22533	0.743214	0.624048	0.51191	0.402966	1.28416	1.03818	0.826765	
aci_ami_ami_	0.34163	1.34875	1.19429	0.766475	1.12871	0.73855	0.685777	0.844464	0.958172	0.400026	1.08804	1.13946	0.86968	0.593439	1.21017	0.963014	0.642702	1.42354	0.986571	0.828142	
aci_aci_ami_	0.968294	0.547748	0.855269	0.932601	0.654547	0.884368	0.83439	0.632702	1.08824	0.497416	0.977463	0.863113	0.940738	0.6419	0.823823	0.849402	0.608419	1.75535	1.47234	0.630158	
hyp_hyp_hyp_	1.35329	1.73992	2.02133	0.76073	1.85575	1.5696	0.340819	1.35329	0.788134	0.529042	0.733096	0.754281	1.05475	0.52366	0.736542	0.789743	0.637887	0.904592	0.627032	1.18109	
hyp_oxy_oxy_	1.35584	0.671074	0.664076	1.00002	1.12235	1.15347	0.852144	1.06551	0.721629	0.741648	1.13981	1.30285	1.15271	1.14647	0.660353	0.791226	0.692257	0.793129	0.608608	1.26042	
hyp_hyp_oxy_	1.77533	0.781043	1.54479	1.40395	1.15719	1.36971	1.12394	0.852178	1.26726	0.84267	0.884805	1.26026	0.913434	1.14396	0.828763	0.694969	1.239	1.29637	0.715931	0.898617	
hyp_oxy_sma_	1.38879	1.04139	1.00946	0.975588	1.00971	1.04782	0.771895	1.05836	1.24421	0.822408	1.12485	1.15651	0.984099	0.989065	0.895943	0.862016	1.1018	1.02592	0.795625	0.98759	
hyp_oxy_cys_	24.5728	1.99529	0.779998	2.30177	0.835346	1.94987	3.80079	2.64119	1.31618	1.08349	1.43717	1.26446	1.42923	1.21856	1.58822	0.774647	2.77049	0.421992	0.876022	1.72216	
hyp_oxy_pro_	1.39568	1.03108	0.767403	0.810663	0.915669	0.882986	0.748672	1.45324	1.04609	0.974008	1.25146	1.2026	1.00216	1.47439	0.937936	0.868699	1.16873	1.1193	0.58209	0.98878	
hyp_oxy_ami_	1.54213	1.07982	0.636157	1.00002	1.29055	0.954408	0.775541	1.19777	1.03843	0.982359	1.24404	1.17644	1.29427	1.05483	1.00554	1.0782	0.931539	1.03077	0.796771	1.18845	
hyp_sma_sma_	1.6997	1.03502	0.862662	0.863581	1.02688	1.29441	1.11742	0.921908	1.60611	1.25618	1.01371	1.15105	0.778549	1.06158	0.97359	0.963711	0.862575	1.26703	0.772276	1.11155	
hyp_hyp_sma_	1.30933	1.50692	0.956879	1.10355	1.27231	1.50941	0.897651	1.02048	1.34743	0.929866	0.814356	1.10081	0.826708	0.874429	0.818183	0.891895	0.710544	0.756006	0.854459	0.849401	
hyp_sma_cys_	17.369	2.57796	0.895753	0.458383	0.719744	0.448692	0.001	0.414524	1.39541	1.01828	0.619591	0.968466	1.23134	1.04986	0.871103	1.06733	1.3643	1.63298	0.252261	1.31895	
hyp_sma_pro_	1.67792	1.02641	0.817784	0.921699	1.02482	0.944108	0.767174	1.07539	1.01687	0.953441	0.921874	0.850193	0.92974	1.06158	0.681813	0.712337	1.14977	1.19791	0.530307	0.949598	
hyp_sma_ami_	1.19631	0.907471	0.945214	1.23215	0.990316	1.13075	1.00224	1.02555	1.11261	0.973382	1.15899	0.999753	0.974764	0.847975	0.959124	1.05289	1.15818	1.09921	1.0616	0.938279	
hyp_cys_cys_	67.5734	0.001	0.001	0.001	0.001	2.3234	0.001	0.001	1.80937	0.001	2.56815	0.001	3.19219	0.001	0.001	2.76679	7.07309	3.76361	2.60784	3.41942	
hyp_hyp_cys_	23.6513	1.7834	0.465153	1.89914	0.427113	1.62668	1.13302	1.71712	1.08602	0.704616	2.05472	1.00475	1.27748	1.74211	0.258923	0.001	0.708209	0.753523	0.001	0.001	
hyp_cys_pro_	20.0225	0.001	0.516726	1.75854	1.89483	0.775135	2.5166	0.954403	1.20658	1.17369	0.001	1.67391	0.355577	0.968284	1.72049	0.92293	0.786788	2.92748	0.001	1.14047	
hyp_cys_ami_	19.0355	5.02184	0.523989	0.713916	1.44138	0.524359	0.001	0.001	0.612281	2.18122	0.86877	0.566491	0.360571	0.491454	0.291618	0.312638	1.59471	1.27287	0.588456	0.001	
hyp_pro_pro_	0.434156	0.686538	0.715082	0.609378	0.984337	0.983556	1.30718	2.31117	0.626975	1.08349	0.790893	0.48357	0.737429	1.34032	0.497007	0.745636	1.08901	1.01401	0.201526	1.1843	
hyp_hyp_pro_	1.23689	2.15259	0.765038	0.764768	1.21679	0.867521	0.994819	1.22512	0.993248	0.715233	0.902497	0.772053	0.946539	0.66974	0.793522	0.57768	0.854696	1.44617	0.601752	1.01387	
hyp_pro_ami_	0.993799	1.37585	1.58654	0.872505	1.01052	0.845511	0.250481	1.41928	1.07706	0.853868	0.849646	1.27297	1.02078	0.912326	0.995746	0.641017	1.09201	1.41068	0.661686	1.39474	
hyp_ami_ami_	0.656725	1.35012	1.13605	1.43773	1.19188	1.16389	0.791932	1.4998	0.990735	0.861316	0.897822	1.02374	1.78472	1.36956	0.932077	0.806179	0.330413	0.921115	0.790261	1.31463	
hyp_hyp_ami_	1.54042	1.53976	1.23652	1.27553	1.2119	1.15385	0.652523	1.14303	1.28898	0.950122	1.38615	1.37303	1.2637	1.2536	1.09578	1.07548	0.865932	0.894282	0.826186	1.15687	
oxy_oxy_oxy_	1.15239	0.228782	0.831434	1.05215	0.872285	0.891379	0.290335	0.658939	1.06407	0.675392	1.11644	0.770646	0.40882	0.557266	0.330615	0.495838	0.543269	0.385676	0.534027	1.74844	
oxy_sma_sma_	1.92507	0.596788	0.518162	0.494481	0.713166	0.604782	0.673696	0.829584	1.57262	0.889503	0.954446	0.988903	0.949172	0.582987	0.518284	0.51461	0.526318	0.615875	0.504456	0.534236	
oxy_oxy_sma_	1.23279	0.41875	0.436143	0.495307	0.733381	0.67232	1.15071	0.939506	0.862802	0.71561	0.743068	1.04003	1.02318	0.78314	0.484606	0.606017	0.77451	0.471327	0.652709	0.882312	
oxy_sma_cys_	19.5324	0.998146	0.779998	1.0629	0.596962	0.780548	0.634299	1.4411	1.01268	1.18189	0.862702	1.12407	1.2507	0.731536	0.866757	0.619918	1.58357	1.05348	0.438511	1.14844	
oxy_sma_pro_	1.34405	0.97523	0.692905	1.16425	0.572679	0.878032	1.23849	1.32274	0.89957	0.944981	0.970459	0.948636	0.793843	1.29872	0.923757	0.605694	1.19579	0.861026	0.570942	1.25796	
oxy_sma_ami_	1.91374	0.940478	0.952412	0.779153	0.69975	0.80347	1.19435	1.08143	0.954168	0.917864	1.30901	1.10321	1.10367	0.995192	0.892214	0.778499	0.37376	0.94854	0.520077	0.981983	
oxy_cys_cys_	40.954	0.001	0.001	2.30177	0.001	0.001	0.001	0.001	0.001	0.001	0.001	0.001	2.32187	0.001	0.001	0.001	0.001	0.001	0.001	0.001	
oxy_oxy_cys_	9.41407	0.001	2.21785	0.756478	0.255396	0.555604	0.001	1.53783	0.216925	1.47124	0.920577	1.79875	1.52515	1.04047	0.924905	0.991731	1.68986	0.899535	0.001	1.63368	
oxy_cys_pro_	23.5044	0.001	3.22989	0.551185	1.48313	0.808793	0.001	3.73171	1.259	1.5306	0.893923	3.9287	0.55599	0.001	1.79525	0.963014	4.92072	0.001	0.454363	1.19002	
oxy_cys_ami_	10.3399	0.001	0.001	2.07547	0.839254	0.610155	1.48562	1.12633	0.475327	2.76932	2.69441	2.30468	0.838034	0.001	0.33926	1.08918	0.001	1.97483	1.02664	1.79427	
oxy_pro_pro_	3.64126	1.44132	1.87637	1.53485	0.5175	1.69002	0.915765	1.73446	1.31618	0.996012	1.24568	0.406554	0.516748	1.40796	0.417846	0.671494	0.001	1.2172	0.001	0.829709	
oxy_oxy_pro_	2.00315	0.793177	0.723016	0.774315	1.1373	0.981571	0.504121	1.33576	0.844907	1.05642	1.08491	1.72967	0.993816	1.74211	0.63148	1.16878	0.943946	0.753523	0.638227	1.06451	
oxy_pro_ami_	0.984587	0.468004	1.21712	0.44307	0.522011	1.21798	1.58286	1.64968	1.2329	0.984219	0.987505	1.00913	1.39453	0.989404	0.811938	0.67735	0.49512	0.855393	0.63848	0.777236	
oxy_ami_ami_	1.26404	1.00048	0.868576	0.828848	0.916943	1.21646	0.847372	1.1237	0.879835	0.592826	0.720763	1.03289	1.13432	0.651883	1.01341	0.828152	0.794132	1.40758	0.293355	0.703854	
oxy_oxy_ami_	1.93856	0.384311	0.599907	0.63598	0.581368	0.933291	1.13708	0.616098	0.752868	0.732357	1.25237	1.65592	0.870285	1.06189	1.1843	0.556141	1.42049	0.432554	0.711106	0.540106	
sma_sma_sma_	1.49707	0.132542	0.480568	0.654725	0.85008	0.686581	0.836441	0.760908	2.37657	1.48093	0.72094	1.07512	1.27277	1.09321	0.952747	0.694999	0.522926	0.945124	0.962932	0.656934	
sma_cys_cys_	22.5251	0.001	0.001	0.001	0.001	0.001	0.001	8.58162	3.61774	3.51908	0.001	5.01973	0.001	0.001	0.001	0.001	0.001	0.001	0.001	0.001	
sma_sma_cys_	11.525	0.830022	0.86454	0.883855	0.99196	0.86515	1.05404	1.1983	0.169221	0.164632	1.19503	0.934718	0.891565	0.810819	1.20064	0.515566	1.97461	0.701021	0.243496	1.59096	
sma_cys_pro_	19.1705	0.001	3.95124	1.61644	1.81425	1.97751	3.85469	1.46153	0.308808	2.09688	1.31189	0.428126	0.001	2.2237	2.19609	1.88409	3.61228	1.28189	0.444717	0.001	
sma_cys_ami_	17.5198	0.991221	1.54818	0.704014	1.42138	1.80731	0.001	1.4311	1.20658	1.95549	1.71244	0.837455	1.77388	0.484642	0.860745	0.92293	2.35836	1.2552	2.31819	0.76065	
sma_pro_pro_	1.7448	0.920947	0.719689	0.490842	0.220929	0.959928	0.001	1.99392	0.934353	0.908891	1.19348	1.16664	0.98924	1.79828	0.932852	0.001	1.82606	1.1662	0.270093	1.41248	
sma_sma_pro_	1.54111	0.458025	0.794424	0.649936	0.947917	1.15228	0.96854	0.587709	1.14476	0.903071	0.790893	0.387056	0.982905	0.670658	0.530074	0.473785	0.363672	0.772818	0.491174	1.05282	
sma_pro_ami_	1.41121	0.992943	0.905089	0.661222	0.712423	0.808793	1.10349	1.13513	0.931918	1.12679	1.21538	0.769084	1.55497	1.09109	1.14932	0.847572	0.689761	1.15269	0.581304	1.0949	
sma_ami_ami_	1.84724	1.02369	0.990179	0.986372	1.04882	0.990877	2.22793	0.844996	1.12753	1.21214	0.84269	1.02943	0.838034	0.999998	1.18491	0.953157	0.928488	1.11128	0.77023	0.841596	
sma_sma_ami_	2.07079	1.0608	0.803859	0.47981	0.899291	0.85464	1.59195	1.20693	1.27175	1.06593	1.19438	1.059	1.00148	1.27154	1.11634	0.927913	0.994916	1.46537	0.874642	0.666207	
cys_cys_cys_	1	1	1	1	1	1	1	1	1	1	1	1	1	1	1	1	1	1	1	1	
cys_pro_pro_	0.001	20.3713	5.30561	7.232	2.43593	2.65518	12.9384	0.001	4.13442	0.001	0.001	2.86885	0.001	0.001	0.001	0.001	0.001	0.001	0.001	0.001	
cys_cys_pro_	1	1	1	1	1	1	1	1	1	1	1	1	1	1	1	1	1	1	1	1	
cys_pro_ami_	5.3008	0.001	2.18525	1.48974	0.001	1.0939	0.001	0.001	0.851998	3.31213	0.001	2.36276	0.001	4.09773	0.001	0.001	0.001	0.001	0.001	1.60967	
cys_ami_ami_	10.6006	0.001	0.001	0.001	0.001	0.001	5.32816	0.001	1.703	1.65657	1.20907	0.001	1.50274	2.04937	1.21476	0.001	3.32904	0.001	0.001	0.001	
cys_cys_ami_	0.001	0.001	0.001	0.001	0.001	0.001	0.001	0.001	0.001	0.001	0.001	0.001	0.001	0.001	0.001	0.001	0.001	0.001	0.001	0.001	
pro_pro_pro_	0.001	0.001	0.001	0.001	0.001	2.3234	0.001	0.001	1.80937	0.001	2.56815	0.001	0.001	0.001	5.15947	0.001	7.07309	0.001	0.001	0.001	
pro_ami_ami_	0.444825	2.10827	0.915587	0.624362	0.924594	1.1908	1.78547	0.677305	1.06999	0.902183	0.608012	1.28659	1.25861	1.03023	0.915802	1.09097	0.558406	1.33552	0.41193	1.34816	
pro_pro_ami_	2.31117	0.001	0.001	0.325468	0.438039	0.239195	1.16205	1.3211	0.742896	1.44431	0.527596	1.28785	1.96481	1.34032	0.530074	0.284671	0.001	1.93055	0.535736	2.45525	
ami_ami_ami_	0.001	0.001	0.001	1.14102	0.308108	1.50742	1.63274	1.23785	1.174	0.888443	1.11112	0.36271	0.920983	1.56957	0.744563	0.798345	0.510701	0.543359	0.75252	0.986492	
combine	CYS	MET	PHE	ILE	LEU	VAL	TRP	TYR	ALA	GLY	THR	SER	ASN	GLN	ASP	GLU	HIS	ARG	LYS	PRO	
bas_bas_bas_	0.386855	1.12057	1.8563	1.01262	1.2176	1.08844	1.42311	1.61792	1.03362	0.623762	0.79259	0.660139	0.80279	0.846085	1.47381	1.64351	0.808668	0.817447	0.417799	0.781802	
bas_aci_aci_	0.545607	1.06183	0.847017	0.930662	0.856933	0.795781	1.30638	0.751081	0.76113	0.537551	0.564411	0.775754	0.642015	0.794386	0.682194	0.597718	0.948049	1.59657	0.999786	0.713091	
bas_bas_aci_	0.660812	1.04526	0.695942	0.89683	1.09667	0.991236	1.25375	0.964535	0.777947	0.676596	0.669454	0.703412	0.676144	0.822721	1.14272	1.2073	0.94476	0.882763	0.654332	0.768723	
bas_aci_hyp_	1.00644	1.41017	1.22226	1.37538	1.52134	1.13552	1.16821	1.10692	1.13794	0.797822	0.862069	0.773268	0.77946	0.975245	0.755042	0.973036	0.992527	1.11993	0.918811	0.800504	
bas_aci_oxy_	0.898782	1.02887	1.01656	1.03123	1.0056	0.910923	1.11462	0.896053	0.87822	0.830421	0.963274	0.82244	0.802068	0.916468	0.87156	0.845396	0.912625	1.13058	0.788025	0.934483	
bas_aci_sma_	0.851389	1.14322	0.964814	1.12938	1.25626	1.12009	0.945757	1.03681	1.09878	0.848624	0.796779	0.748947	0.698528	0.891881	0.741584	0.850109	0.851196	0.905671	0.87901	0.812726	
bas_aci_cys_	7.33225	1.60402	1.15394	1.35585	1.36968	1.19453	1.55239	1.10344	1.08526	0.905009	1.01248	0.860746	0.629676	0.634814	0.796316	0.54587	0.909627	1.29013	0.648527	0.879402	
bas_aci_pro_	1.09027	0.862968	0.957414	0.825816	0.896949	0.87996	1.38152	1.24588	0.746251	0.792495	0.627136	0.739671	0.618305	0.641654	0.760237	0.594169	1.13111	1.26681	0.461417	0.647885	
bas_aci_ami_	0.947599	0.95671	0.700543	1.09212	0.89639	0.727962	0.624388	0.734653	0.855329	0.775942	0.759931	0.844669	0.972163	1.14904	0.688747	0.618248	1.00537	1.26602	0.779217	0.763898	
bas_hyp_hyp_	1.26296	1.76343	1.71966	1.80241	1.8394	1.5856	1.23494	1.36351	1.24039	0.788943	0.977194	0.774954	0.650674	0.864215	0.825119	1.08571	0.966072	0.711695	0.494111	0.836312	
bas_bas_hyp_	1.48213	1.52978	1.46368	1.55669	1.68491	1.37323	1.30998	1.353	1.19474	0.835837	0.915998	0.842789	0.785638	0.930204	1.21199	1.56316	0.868183	0.667959	0.492899	0.821962	
bas_hyp_oxy_	1.38875	1.30884	1.48731	1.37232	1.51078	1.26794	1.423	1.14559	1.08343	0.879941	1.04111	0.953652	0.837087	1.01297	1.04395	1.16571	0.878085	0.715216	0.540528	0.866631	
bas_hyp_sma_	1.2071	1.4725	1.47085	1.58949	1.64556	1.50211	1.16729	1.23632	1.32969	0.858497	0.885637	0.861641	0.737292	0.83654	0.900289	1.05682	0.955872	0.68755	0.517653	0.890743	
bas_hyp_cys_	7.87131	1.36604	1.8524	1.74743	1.63948	1.28307	0.976322	1.30159	1.12626	1.03943	0.902102	0.961892	0.734188	0.876058	0.824039	0.989477	0.881121	0.889487	0.425242	1.09183	
bas_hyp_pro_	1.14998	1.2133	1.18739	1.12543	1.31454	1.20861	1.46638	1.3706	0.943309	0.942689	0.902185	0.736	0.830686	0.745909	0.784759	1.00832	0.931982	0.983378	0.492875	0.867264	
bas_hyp_ami_	1.30616	1.35947	1.34819	1.32713	1.5859	1.2473	1.34245	1.29776	1.18291	0.842132	0.975271	0.862952	0.845606	0.873551	0.997359	1.09397	0.794743	0.851493	0.651481	0.893255	
bas_oxy_oxy_	1.62546	0.81141	0.917926	0.844195	0.936308	0.94042	0.959409	0.956168	0.81755	1.02694	1.01527	0.937361	0.881578	0.915479	1.20606	0.981009	0.599748	0.838684	0.483279	0.762056	
bas_bas_oxy_	1.30756	1.20724	1.25746	1.05108	1.09269	1.15357	1.16838	1.19004	0.991706	0.8343	0.977208	1.06845	1.0294	1.02499	1.24778	1.35579	0.935416	0.789154	0.513451	0.893317	
bas_oxy_sma_	1.08558	1.27392	1.03562	1.24703	1.10298	1.1042	1.01768	1.10124	1.06157	1.01741	0.914902	0.954066	0.91261	0.933575	1.01688	0.874884	0.957555	0.811204	0.55951	0.825865	
bas_oxy_cys_	8.28765	0.926759	1.28674	0.904717	1.29202	0.98609	1.07893	0.818059	0.736745	1.0669	0.756566	1.174	0.829736	0.829955	1.34063	0.886855	1.65393	0.294139	0.294359	1.00711	
bas_oxy_pro_	0.443174	1.26066	1.13087	1.04435	0.762221	0.958419	1.60105	1.41596	0.831709	0.967894	0.898051	0.858153	0.76529	0.906769	1.09468	0.837152	0.917299	0.843053	0.420636	1.14183	
bas_oxy_ami_	1.21926	0.793661	1.04982	1.00483	1.08166	0.816083	0.735733	1.20766	0.931278	0.914357	1.09329	0.821378	0.82182	1.07874	1.22863	0.90521	1.20803	0.860259	0.621383	0.798093	
bas_sma_sma_	1.11039	1.20811	1.30917	1.29515	1.35353	1.3228	1.19356	1.20431	1.32961	1.0166	0.893115	0.8799	0.865477	0.965755	0.982004	0.950791	0.871815	0.824654	0.475352	0.917679	
bas_bas_sma_	1.15452	1.58997	1.39201	1.33912	1.45986	1.23001	1.16047	1.16469	1.2564	1.01529	0.848254	0.938654	0.830251	0.760568	1.26808	1.50661	0.805844	0.700404	0.32734	0.824459	
bas_sma_cys_	8.28453	1.23974	1.21067	1.3385	1.09919	1.45363	0.984421	1.06944	1.32063	1.13182	0.684917	0.974716	0.888131	0.908533	0.822574	0.930053	0.861123	0.807278	0.514318	0.911704	
bas_sma_pro_	0.745633	1.1795	1.31226	0.999314	0.955074	1.01306	1.63404	1.14857	0.914058	0.836284	0.957698	0.755163	0.7299	0.772827	0.9622	0.865478	1.2125	0.792569	0.502412	0.905086	
bas_sma_ami_	1.14326	1.41164	1.0424	1.20182	1.24518	1.10738	1.4623	1.16139	1.19876	0.884949	1.00305	0.961212	0.810172	0.877277	1.05533	0.995578	0.772632	0.839419	0.621939	0.951842	
bas_cys_cys_	25.876	0.001	0.445336	0.30385	0.81684	1.11263	0.001	0.411714	1.21282	1.34815	0.984021	0.961892	0.61199	2.08447	0.988647	0.001	2.70906	0.361197	0.749662	0.328248	
bas_bas_cys_	8.90949	0.925529	1.74648	1.2317	1.54817	1.26586	1.46895	1.16933	0.915552	0.799362	0.799949	1.04229	0.952781	0.73478	0.70337	1.57908	1.10149	0.781667	0.474258	1.02055	
bas_cys_pro_	11.1954	1.91165	0.815173	0.802555	0.623872	0.815748	0.221632	1.58975	0.917377	1.09808	1.00168	0.832431	0.747359	0.594851	0.855581	0.540054	1.9307	1.101	0.356652	0.800504	
bas_cys_ami_	9.98708	0.771953	1.30596	1.1641	1.19901	0.905073	0.980283	1.62475	1.13517	0.914019	1.13915	1.03212	1.03623	0.942369	0.865601	0.658968	0.612788	0.774048	0.508399	0.925122	
bas_pro_pro_	0.582845	2.30315	1.2	0.736492	0.826553	1.38083	3.21767	1.2201	1.07542	0.773474	0.929408	0.973332	0.990221	0.563206	0.867151	0.786907	0.731747	1.55614	0.27036	0.795745	
bas_bas_pro_	1.19631	1.49865	0.863109	1.14821	1.01858	1.27454	0.902113	1.13939	0.640778	0.716674	0.659464	1.08853	0.509051	0.886475	1.05037	0.955038	0.939256	0.899536	0.439076	0.696402	
bas_pro_ami_	0.991709	1.2423	1.1919	1.29971	0.922495	0.920344	1.90966	1.44775	0.942224	0.916547	0.885497	0.920773	0.679419	0.990179	1.09764	0.913386	1.24525	0.607819	0.45964	0.878083	
bas_ami_ami_	0.463831	0.880003	0.954753	1.04109	1.08673	0.802718	1.58275	1.62311	0.788768	0.854026	0.802807	0.867259	1.20755	1.11008	0.976176	0.910314	0.407893	0.712299	0.536659	0.928202	
bas_bas_ami_	1.11555	1.42196	1.4556	1.35769	1.37153	0.805426	1.37026	1.34553	0.83617	0.813387	0.847859	0.787406	0.86072	1.03007	1.29145	1.4304	0.973067	0.807793	0.387977	0.809169	
aci_aci_aci_	1.10621	0.438293	0.912001	0.466689	0.488864	0.570778	1.11192	0.562378	0.710865	0.806583	1.0927	0.739777	0.418561	0.71294	0.338487	0.453372	1.15771	2.15494	1.45067	0.839675	
aci_hyp_hyp_	1.08732	1.63913	1.53433	1.57447	1.72511	1.43298	1.13481	1.09968	1.2704	0.735256	0.954244	0.814974	0.780988	0.864259	0.552887	0.607758	0.993057	1.33391	1.04538	0.893915	
aci_aci_hyp_	1.07987	1.26481	1.12837	1.28006	1.34775	1.00303	1.08544	1.03012	1.0677	0.694947	0.957594	0.869812	0.82665	0.887501	0.536023	0.599756	1.11058	1.72661	1.52296	0.782299	
aci_hyp_oxy_	1.02594	1.27116	1.21645	1.23277	1.14153	1.07075	1.05067	1.02502	0.979147	0.838439	0.921204	0.873559	0.81474	1.06236	0.67198	0.688454	0.942143	1.25927	1.03167	0.902032	
aci_hyp_sma_	0.923758	1.41379	1.2425	1.34211	1.48799	1.2944	0.982292	1.1129	1.22662	0.788476	0.871319	0.777234	0.72857	0.852555	0.5745	0.587244	0.838687	1.37267	1.04187	0.7956	
aci_hyp_cys_	7.05826	1.18362	1.19865	1.57527	1.83872	1.16525	0.835553	0.854988	1.17419	0.99954	0.899969	0.814984	0.742076	0.819287	0.390802	0.429191	1.12195	1.42955	0.769728	0.920852	
aci_hyp_pro_	1.11418	1.2645	1.13638	1.02437	1.18585	0.965591	1.14253	1.21752	0.907366	0.703502	0.862199	0.857845	0.657345	0.809335	0.580409	0.498054	1.14487	1.31583	0.945784	0.762102	
aci_hyp_ami_	0.87133	1.27715	1.33029	1.26115	1.4102	1.04618	1.15242	1.11512	1.07893	0.776647	0.94043	0.936394	0.972951	0.990358	0.659058	0.719228	0.881073	1.395	1.11197	0.927555	
aci_oxy_oxy_	0.997927	0.820238	1.18621	0.808811	0.755396	0.641464	0.848909	0.906633	0.758294	0.851424	0.979908	1.05185	0.859325	1.09766	0.817668	0.594242	1.22898	1.29485	0.897411	0.827335	
aci_aci_oxy_	1.05379	1.06131	0.849068	0.901642	0.689032	0.839799	1.29973	0.857816	0.730982	0.688645	1.00455	0.790036	0.665431	0.592858	0.559936	0.447585	0.902509	1.34398	1.18622	0.857996	
aci_oxy_sma_	0.861091	1.11375	1.04192	0.913723	0.972108	0.918785	0.865532	0.989161	0.88225	0.762253	0.825676	0.825363	0.836588	0.808316	0.660719	0.584383	0.695414	1.23707	0.983787	0.84636	
aci_oxy_cys_	7.7077	0.782863	1.22263	1.19444	1.12251	0.612244	1.09345	0.979629	0.857717	0.788049	0.946926	1.05772	0.784911	0.497439	0.951377	0.656147	1.05576	1.18936	0.892937	1.02067	
aci_oxy_pro_	0.412868	0.978768	1.24581	1.00369	0.840776	0.831458	1.33498	1.39568	0.750523	0.930215	0.689483	0.755559	0.714203	0.708496	0.640319	0.60789	1.15049	1.22414	0.964945	0.792768	
aci_oxy_ami_	0.627857	0.733264	0.886778	0.831124	0.797242	0.647336	0.87113	0.808381	0.743935	0.760967	0.878754	0.8856	1.03292	1.07395	0.773504	0.594794	0.975726	1.1778	0.92687	0.852697	
aci_sma_sma_	0.789126	0.810439	1.04456	0.971339	1.18109	1.02455	0.826906	0.920879	1.18304	0.849594	0.910721	0.778154	0.675716	0.713917	0.492564	0.486938	0.748629	1.27833	0.979124	0.683041	
aci_aci_sma_	0.730343	0.920164	0.802574	1.06332	1.22236	0.914548	0.734109	0.92715	1.14176	0.680284	0.764525	0.759376	0.820005	0.742267	0.718627	0.452105	1.06966	1.88719	1.23277	0.779932	
aci_sma_cys_	5.53843	0.803324	1.38317	1.24977	1.40268	1.01423	1.09853	1.10032	1.11558	0.926808	0.783234	0.922026	0.840786	0.724452	0.572574	0.518148	1.42129	1.09539	0.903642	0.616504	
aci_sma_pro_	0.448868	0.982443	0.980712	0.804235	0.78962	0.711437	1.17839	1.18219	0.875043	0.689769	0.731336	0.645809	0.752678	0.666771	0.490182	0.559407	1.16923	1.26711	0.806422	1.00489	
aci_sma_ami_	1.03196	1.01323	0.984557	0.960971	1.0123	1.02068	0.883757	0.953771	0.981994	0.77035	0.788697	0.928361	0.947716	0.753654	0.608763	0.648033	0.744307	1.23843	1.01299	0.893432	
aci_cys_cys_	10.9979	0.967903	0.504581	1.37392	0.46331	0.756905	2.45737	1.8629	0.785795	0.764386	0.836568	1.90677	0.693455	0.473253	0.560666	0.301073	3.07014	1.22567	0.283828	1.48452	
aci_aci_cys_	8.22088	1.58321	0.825042	0.999487	1.38793	0.871437	0.670918	1.01658	1.14252	0.868484	0.912528	0.892009	1.19706	0.687914	0.611545	0.382912	0.698532	1.70812	1.49227	0.94506	
aci_cys_pro_	5.19397	1.20963	0.882267	0.601652	0.810042	1.38683	0.922138	0.466476	0.834845	0.812097	1.39361	1.63452	0.347227	0.945507	0.8405	0.45111	0.576464	0.817447	0.70807	0.835482	
aci_cys_ami_	11.585	0.880003	0.785802	0.937081	0.931623	0.81908	1.75555	0.545063	1.4279	0.744557	0.977638	1.23851	1.34994	0.920974	0.655156	0.273794	0.997474	0.902273	0.772349	1.10883	
aci_pro_pro_	1.53902	0.812388	1.26876	0.57705	1.01937	0.476745	1.2893	1.56344	1.27698	0.721679	0.643744	0.629276	0.582081	0.397296	0.646769	0.189857	0.966813	1.11434	0.891018	0.856879	
aci_aci_pro_	0.824736	1.38617	0.849733	0.695173	0.721735	0.956498	0.72549	1.29544	0.893814	0.660385	0.634717	0.78105	0.817941	0.876526	0.354722	0.481455	1.22952	1.78984	1.31186	0.563572	
aci_pro_ami_	0.91041	1.05278	0.894761	0.787022	0.662703	0.751135	1.7589	1.22687	0.820991	0.798621	0.782351	0.686828	0.873176	0.785085	0.689902	0.585113	0.703856	1.40329	0.859199	0.638009	
aci_ami_ami_	0.300642	0.791384	1.4006	0.786594	0.926879	0.639503	0.603379	1.14249	0.690636	0.765426	0.661258	0.779925	0.736851	1.0433	0.755864	0.957638	1.1927	1.1022	1.08761	0.758931	
aci_aci_ami_	0.665966	0.92186	0.891688	0.864912	0.865865	0.600925	1.0036	0.792626	0.961973	0.403465	0.872567	0.723304	1.08443	1.09329	0.610161	0.654221	0.83614	1.13958	1.46324	0.93451	
hyp_hyp_hyp_	1.32845	1.91575	1.80849	1.67663	1.71599	1.71448	1.06507	1.20123	1.19897	0.756862	0.912598	0.70862	0.600927	0.676421	0.42431	0.601422	0.802929	0.792559	0.520242	0.674247	
hyp_oxy_oxy_	1.24939	0.964982	1.0964	1.17746	1.20471	1.22174	1.15464	0.971328	1.0049	0.9209	1.05206	1.16523	0.913877	1.04382	0.833352	0.690815	1.07575	0.818344	0.639518	0.874979	
hyp_hyp_oxy_	1.28137	1.49892	1.51383	1.58583	1.56062	1.49116	1.09354	1.05196	1.19757	0.787261	0.962653	0.879434	0.726603	0.846535	0.719305	0.721493	0.955406	0.84576	0.661962	0.859352	
hyp_oxy_sma_	1.14486	1.25283	1.21802	1.22701	1.25947	1.21637	1.02845	1.05794	1.17207	0.854392	0.879377	0.874969	0.844635	0.867956	0.735806	0.636544	0.813539	0.822235	0.623491	0.864077	
hyp_oxy_cys_	8.96034	1.18263	1.47005	1.15111	1.37699	1.19297	1.16301	1.19374	0.991017	0.918868	1.02213	0.79522	0.833584	0.671215	0.762176	0.592472	1.57388	0.741274	0.458133	0.805144	
hyp_oxy_pro_	1.16165	0.939643	1.25207	1.09375	1.1061	1.13986	1.12919	1.24	0.953322	0.734105	0.832497	0.850725	0.857533	0.967197	0.69036	0.696369	1.07424	0.857502	0.538314	1.08112	
hyp_oxy_ami_	1.30378	1.24897	1.37723	1.20288	1.25017	1.21135	1.17956	0.985761	1.06457	0.882406	1.09508	1.00323	0.912227	0.957697	0.817573	0.758761	0.961182	0.889837	0.689818	0.829342	
hyp_sma_sma_	1.18107	1.44818	1.31746	1.31132	1.38255	1.25596	0.876648	0.876563	1.35815	0.890737	0.791078	0.820099	0.727535	0.777078	0.64481	0.560888	0.710994	0.878271	0.643119	0.846781	
hyp_hyp_sma_	1.32946	1.60949	1.4537	1.4616	1.62772	1.36838	1.0111	0.981255	1.27171	0.828596	0.88429	0.815214	0.784056	0.920496	0.63215	0.665649	0.866287	0.884848	0.65124	0.843281	
hyp_sma_cys_	8.86817	1.34798	1.33881	1.34649	1.22917	0.996901	0.836589	0.996294	1.16421	1.19431	0.82213	0.962411	0.75253	0.796589	0.644677	0.467637	1.04504	0.940002	0.523285	0.818059	
hyp_sma_pro_	1.14159	0.973609	1.07895	1.08648	1.15615	1.1304	1.00911	1.24085	0.992519	0.804214	0.756328	0.796288	0.853567	0.83327	0.597747	0.660228	0.828383	0.884681	0.554062	0.842645	
hyp_sma_ami_	1.21421	1.53385	1.23632	1.37134	1.46778	1.2866	1.24097	1.17974	1.2034	0.875215	0.945676	0.918732	0.900874	0.85606	0.775007	0.675759	0.858874	0.900216	0.729013	0.875208	
hyp_cys_cys_	23.461	2.90171	0.605298	1.03069	0.417079	1.51281	0.001	1.39743	0.707315	1.4896	1.17079	0.98111	0.624209	0.284352	0.3368	0.181044	0.461371	0.735802	0.001	1.78123	
hyp_hyp_cys_	8.5197	1.99268	1.41067	1.3425	1.40502	1.11889	1.23351	1.42693	1.07871	0.928352	1.00133	0.719978	0.695893	0.699403	0.370498	0.413073	0.933089	0.626272	0.404329	1.00003	
hyp_cys_pro_	7.39951	1.06548	1.3408	0.977158	1.33703	0.786957	1.35313	1.41024	1.18899	0.736372	0.767576	1.1	1.08098	0.607564	0.411764	0.551594	1.26808	0.899841	0.364265	1.22593	
hyp_cys_ami_	10.1435	1.35321	1.72756	1.19327	1.49221	1.22864	1.38617	1.00895	0.948065	1.17191	1.13184	1.02041	0.969396	0.810577	0.644827	0.583097	0.693287	1.12438	0.536884	1.05508	
hyp_pro_pro_	1.22048	1.13631	1.21314	1.14958	1.19522	0.740634	1.5152	1.72262	0.968555	0.774096	0.883987	0.720259	0.97667	0.915933	0.592428	0.599973	1.08211	1.00758	0.366296	0.893727	
hyp_hyp_pro_	1.14776	1.35424	1.41888	1.26692	1.42637	1.31201	1.3458	1.25794	1.07675	0.802304	0.803549	0.83031	0.693645	0.813576	0.57925	0.603782	0.87904	0.905052	0.531884	0.917007	
hyp_pro_ami_	0.82336	0.984057	1.162	0.954507	1.28532	1.05819	1.3904	1.31411	1.01243	0.886455	0.974167	0.89768	0.873592	0.961286	0.598067	0.598282	0.83604	0.924618	0.584206	0.90386	
hyp_ami_ami_	1.09318	0.946297	1.26699	1.34803	1.36339	1.21861	1.44189	1.34672	1.02036	0.789974	1.10186	0.936394	1.16154	1.24759	0.837373	0.721847	0.686841	0.953142	0.656718	0.829784	
hyp_hyp_ami_	1.35018	1.52034	1.47239	1.5811	1.7003	1.44454	1.23197	1.19302	1.19836	0.847165	0.994597	0.842733	0.777365	0.79522	0.674834	0.69681	0.809125	0.925051	0.606373	0.887775	
oxy_oxy_oxy_	1.55501	0.94138	0.716814	0.951087	0.727322	1.11318	1.01172	0.732297	0.778945	1.44306	1.04285	1.24345	0.907581	0.707613	0.796536	0.876526	0.632431	1.00883	0.614617	1.08312	
oxy_sma_sma_	1.21359	1.28473	0.811413	0.981437	1.04879	0.987698	0.87396	0.887423	1.1061	1.02476	0.975891	0.829807	0.743911	0.824329	0.695267	0.592562	0.824193	0.855039	0.615458	0.911208	
oxy_oxy_sma_	0.955929	0.842532	0.91335	0.891081	0.933009	0.976651	0.78634	1.00967	1.01162	0.916249	1.00032	1.20027	0.935753	0.881757	0.771411	0.512671	0.600654	0.798595	0.548571	0.758572	
oxy_sma_cys_	9.14747	0.613434	0.899907	1.02871	1.19892	0.798981	0.991091	0.9391	1.08555	0.957064	1.10761	0.957282	0.878198	0.816793	0.661643	0.450246	1.01717	0.518135	0.408142	1.09015	
oxy_sma_pro_	0.781559	1.09381	0.966094	0.85275	0.921075	0.861531	1.50983	0.973124	0.95066	0.966955	0.835883	0.81709	0.698559	0.906056	0.619796	0.753027	0.849349	0.963886	0.487436	0.85758	
oxy_sma_ami_	0.993199	1.00425	1.12933	0.914559	0.949951	0.925516	1.16454	0.938952	1.01592	0.999715	0.976876	0.950815	0.938157	0.82478	0.766859	0.659808	0.854821	1.02616	0.604933	1.0272	
oxy_cys_cys_	26.3935	0.001	2.41819	0.824752	1.11054	1.81517	0.001	1.67671	0.707315	1.37509	0.669454	0.654407	0.416473	1.13441	0.6726	0.361088	2.76322	1.4706	0.340393	2.22629	
oxy_oxy_cys_	10.227	0.62347	1.03842	0.796468	0.893872	0.876942	0.475406	0.959921	0.758849	0.910183	1.29201	1.298	0.98173	1.27791	0.649541	0.966902	0.98892	0.841976	0.802143	0.669541	
oxy_cys_pro_	9.51306	0.918946	0.479084	0.783043	0.439901	0.814316	1.6334	0.973197	0.746058	0.97939	0.635608	1.24165	0.855612	0.449342	0.585462	0.684712	0.583748	0.853619	0.538015	0.493943	
oxy_cys_ami_	11.1799	1.23534	0.965305	1.02339	1.083	0.912375	1.17692	0.991375	0.919377	1.32068	0.771382	1.18849	0.995483	1.00579	0.745237	0.320227	0.735634	0.348424	0.512497	1.18466	
oxy_pro_pro_	0.815583	0.774523	0.873874	0.733224	0.894798	0.538533	1.80234	2.23528	0.890434	0.917063	1.26364	1.16261	0.924273	0.945507	0.635289	0.641157	1.12635	0.708587	0.642077	1.03947	
oxy_oxy_pro_	0.39096	1.23534	0.708157	0.614432	0.871519	0.901653	1.56889	1.13003	0.840063	0.999898	1.13879	0.869892	0.708188	0.845027	0.626159	0.90122	0.686659	1.06933	0.470374	0.782217	
oxy_pro_ami_	1.55228	1.27404	0.877137	0.791827	0.957502	0.996236	1.15603	1.29237	0.849759	0.871475	0.957057	0.948338	0.994098	0.800426	0.790498	0.748832	1.0473	1.03756	0.439871	0.872977	
oxy_ami_ami_	0.699954	0.86138	0.961219	1.1354	0.926599	0.833777	1.56225	1.06607	0.923799	0.789454	0.886135	1.19499	1.16732	1.05156	0.890301	0.687609	0.78129	0.701553	0.827912	0.873199	
oxy_oxy_ami_	1.18187	1.05226	0.994644	0.913208	0.838742	0.853296	0.891227	1.1069	0.925373	0.961636	1.10014	1.02058	1.10242	1.16103	0.925013	0.76226	0.897024	0.658541	0.616008	0.897088	
sma_sma_sma_	0.927202	1.01583	0.984672	1.27185	1.1871	1.09556	0.896178	0.896668	1.55114	0.841169	0.910461	0.834427	0.586457	0.716953	0.596563	0.543407	0.537876	0.548472	0.503988	0.638958	
sma_cys_cys_	13.1972	1.16128	1.2096	1.03069	0.694464	1.36163	0.001	1.67671	0.942754	1.26059	0.836568	0.817759	0.208736	0.851056	0.5047	0.541132	1.38211	0.735802	0.849484	0.891114	
sma_sma_cys_	11.9659	0.345298	1.21139	1.13152	1.23565	0.898217	1.09434	1.07836	1.66025	0.748529	0.794417	1.01892	0.740714	1.26221	0.698507	0.401692	0.888956	0.873169	0.429018	0.958467	
sma_cys_pro_	7.16933	0.258841	0.873874	0.916279	1.07972	0.63932	1.63858	0.621635	1.07355	0.713493	0.892272	1.16261	0.462637	0.945507	0.597978	0.481118	0.819437	0.871877	0.340393	0.693311	
sma_cys_ami_	12.3199	1.03131	1.28059	0.816874	1.08099	1.07496	1.20905	1.10746	0.789011	0.955232	1.00551	1.20605	0.767241	1.00744	0.826737	0.51752	0.692814	0.737141	0.557383	0.791402	
sma_pro_pro_	2.0462	1.12145	0.843904	0.884854	0.98316	0.520077	1.10795	1.01985	1.08725	0.664458	1.04098	0.947458	0.892573	0.609051	0.721601	0.657813	1.08771	1.31502	0.365156	0.478529	
sma_sma_pro_	1.36405	0.925529	1.18472	0.862493	0.931145	0.814125	1.61574	1.05806	0.774852	0.715724	0.70008	0.792811	0.759666	0.979373	0.837155	0.46725	0.765228	0.79793	0.46299	0.769359	
sma_pro_ami_	1.25463	0.873991	0.827673	0.987023	0.930679	0.704168	1.36191	1.16628	0.854505	0.705905	0.812564	0.88368	0.825126	1.0282	0.529276	0.739895	0.69376	0.955942	0.53493	0.883808	
sma_ami_ami_	0.666546	0.608691	0.92939	0.993298	0.979211	1.05673	1.54481	1.09318	0.855944	0.94457	0.841236	0.856543	0.972951	1.28716	0.833465	0.805666	0.579678	0.650965	0.617217	0.746906	
sma_sma_ami_	1.53523	1.08433	0.973791	1.06848	1.18878	0.998815	0.950015	1.26885	1.35405	0.856307	1.00174	0.905588	0.890535	0.90415	0.714548	0.603852	0.653167	1.02616	0.585596	0.803421	
cys_cys_cys_	0.001	0.001	7.55472	0.001	0.001	0.001	0.001	0.001	0.001	0.001	0.001	0.001	10.3878	0.001	0.001	0.001	0.001	6.12435	0.001	0.001	
cys_pro_pro_	5.43155	2.14967	0.560535	1.1451	0.514677	0.56093	1.36565	0.518196	1.09099	0.637155	0.310469	1.21101	1.15509	0.001	0.001	0.334415	0.853539	0.001	0.629506	0.82518	
cys_cys_pro_	12.2197	0.001	0.840302	1.1451	0.001	1.68079	0.001	0.776793	0.654996	1.27331	0.465204	1.36226	1.15509	0.001	0.933777	0.001	0.001	0.001	0.001	1.23727	
cys_pro_ami_	9.37818	0.450723	0.703672	0.87903	1.34492	0.469779	1.71474	0.867002	0.913552	1.06619	0.778272	1.07735	1.61136	0.440305	0.651775	0.419707	1.42851	0.855421	0.198322	0.691011	
cys_ami_ami_	10.2306	0.675584	1.40634	1.19831	1.53307	1.05575	1.71474	0.975252	0.753856	1.06619	1.26407	0.855747	0.846439	0.495219	0.879546	1.04777	1.07163	1.42504	0.691626	0.906639	
cys_cys_ami_	29.5296	0.806753	0.420651	0.287025	0.578887	1.05087	1.02449	1.94048	1.79949	2.54562	0.001	1.81602	2.02066	1.18163	0.933777	0.001	0.640404	0.001	0.23669	1.8554	
pro_pro_pro_	0.001	0.001	1.03105	0.001	1.10424	0.688187	1.6758	1.58785	0.669859	1.43235	0.760607	0.743508	0.709193	0.644982	0.764182	1.22857	1.57045	1.11434	0.001	0.506747	
pro_ami_ami_	0.794425	0.503288	0.458801	0.847931	0.481322	0.949972	1.11753	1.02867	0.71445	0.843698	1.01381	0.778865	1.03519	0.982306	1.09126	0.702471	0.997474	0.743225	0.698887	0.627162	
pro_pro_ami_	0.31975	2.52336	0.657845	1.07546	0.784916	0.461116	1.92337	1.33671	1.17819	0.797576	0.582264	1.06634	0.362281	0.493786	1.096	0.31412	0.401322	0.852945	0.443687	1.06527	
ami_ami_ami_	0.371265	0.001	0.611402	0.521045	0.421281	0.917249	1.48971	1.83469	0.952267	1.27331	0.338603	1.23851	1.15509	1.14586	1.01858	1.00124	0.931042	0.743225	0.515233	0.562941	
