gly
    1  -0.161  -0.558   4.136 
    2   0.184  -0.374   3.517 
    3  -0.574  -0.769   1.279
    4   0.042   0.458  -1.276
    5  -0.512   0.673  -0.987
    6  -0.283   0.578   0.093
    7   0.197   0.322  -0.130
    8   0.322   0.005  -0.334
    9   0.184  -0.586  -0.211
   10   0.102  -0.138   0.381
   11   0.080   0.388   2.801
   12   0.351   0.746   4.696
   13  -0.161  -0.558  
ala
    1   0.630   0.699   4.608
    2  -0.497   0.020   4.203
    3  -1.652  -1.694   0.970
    4   0.850   0.629  -1.745
    5   1.304   0.548  -0.560
    6   1.250   0.668  -0.017
    7   0.218   0.083  -0.259
    8  -0.208  -0.025  -0.046
    9  -0.040   0.205   0.465
   10   0.602   0.658   2.210
   11   2.074   1.232   4.203
   12   2.248   2.348   4.608
   13   0.630   0.699    
val
    1   0.517   1.089   4.723
    2   0.029  -0.310   4.393
    3  -1.182  -0.996   1.448
    4   1.109   0.789  -1.172
    5   1.944   0.875  -0.509
    6   0.660   0.494  -0.497
    7  -0.698  -0.861  -0.867
    8  -0.861  -0.939  -0.722
    9  -0.253   0.103   0.386
   10   0.580   1.148   2.601
   11   2.084   2.035   3.987
   12   2.084   3.000   4.904
   13   0.517   1.089   
ile
    1   0.628   1.433   5.580 
    2  -0.024  -0.253   4.482
    3  -1.315  -1.153   1.397
    4   1.195   0.700  -1.325
    5   1.814   1.030  -0.540
    6   0.764   0.731  -0.553
    7  -0.588  -0.651  -0.896
    8  -0.862  -0.849  -0.410
    9  -0.223  -0.165   0.644
   10   1.052   0.907   3.071
   11   2.086   1.968   4.863
   12   1.563   2.556  10.000
   13   0.628   1.433   
leu
    1   0.838   1.436   5.281
    2  -0.243  -0.342   3.894
    3  -1.497  -1.509   1.061
    4   0.918   0.753  -1.567
    5   1.132   0.764  -0.678
    6   0.832   0.809  -0.443
    7  -0.392  -0.243  -0.554
    8  -0.533  -0.572  -0.057
    9  -0.077   0.028   0.792
   10   0.797   0.998   3.335
   11   2.384   2.330   3.894
   12   2.384   2.384  10.000
   13   0.838   1.436    
ser
    1   0.203   0.173   5.019
    2  -0.282  -0.076   4.326
    3  -1.146  -1.161   1.191
    4   0.357   0.416  -1.298
    5   0.934   0.447  -0.674
    6   0.735   0.457  -0.238
    7  -0.182  -0.171  -0.637
    8  -0.355  -0.355  -0.423
    9  -0.510  -0.391  -0.062
   10   0.215   0.338   1.306
   11   0.986   1.348   3.921
   12   1.920   1.140   4.326
   13   0.203   0.173    
thr
    1   0.403	0.933   4.269
    2  -0.223  -0.320   3.576
    3  -1.075  -1.084   1.112
    4   0.649   0.488  -1.149
    5   0.893   0.663  -0.687
    6   1.147   0.421  -0.385
    7  -0.251  -0.531  -0.748
    8  -0.681  -0.611  -0.440
    9  -0.523  -0.223  -0.156
   10   0.041   0.663   1.784
   11   1.488   1.552   4.269
   12   2.756   1.735   5.703 
   13   0.403	 0.933    
asp
    1   0.272  -0.036   5.281
    2  -0.278  -0.103   4.984
    3  -1.292  -1.404   1.373
    4   0.485   0.410  -1.593
    5   0.485   0.463  -0.972
    6   0.578   0.780  -0.450
    7  -0.314   0.275  -0.349
    8  -0.219  -0.293   0.283
    9   0.050  -0.186   1.072
   10   0.266   0.303   2.586
   11   1.034   1.247   4.290
   12   1.807   1.551  10.000
   13   0.272  -0.036    
asn
    1   0.524  -0.316   3.957
    2  -0.073  -0.478   3.551
    3  -1.119  -1.294   0.936
    4   0.041   0.568  -1.448
    5   0.051   0.957  -1.067
    6   0.215   0.639  -0.509
    7  -0.317   0.227  -0.146
    8  -0.310  -0.214   0.107
    9   0.113  -0.274   0.523
   10   0.289   0.568   2.571
   11   1.035   1.120   4.650
   12   1.873   1.212  10.000
   13   0.524  -0.316    
glu
    1   0.409   0.746   5.667
    2  -0.619  -0.512   3.561
    3  -1.645  -1.615   0.758
    4   0.674   0.730  -1.708
    5   1.072   0.837  -0.808
    6   1.380   1.114  -0.164
    7   0.202   0.237  -0.109
    8   0.015  -0.033   0.042
    9   0.044  -0.026   0.940
   10   0.716   0.487   2.645
   11   1.829   1.498   3.561
   12   2.131   1.706  10.000
   13   0.409   0.746   
gln
    1   0.610   0.572   5.674
    2  -0.587  -0.262   4.433
    3  -1.484  -1.574   1.066
    4   0.741   0.369  -1.588
    5   1.294   0.352  -0.766
    6   0.646   0.646  -0.338
    7   0.086   0.099  -0.371
    8  -0.165  -0.092   0.102
    9  -0.175   0.181   0.306
   10   0.964   0.580   2.823
   11   1.211   2.032   3.334
   12   1.385   1.865   5.168
   13   0.610   0.572   
lys
    1   0.154   0.743   4.989 
    2  -0.568  -0.273   3.935
    3  -1.391  -1.436   1.142
    4   0.591   0.702  -1.568
    5   0.826   0.401  -0.759
    6   0.755   0.902  -0.369
    7   0.225  -0.030  -0.369
    8  -0.222  -0.439  -0.131
    9  -0.108  -0.175   0.568
   10   0.373   0.557   2.200
   11   1.435   1.612   4.341
   12   1.868   2.050   5.034
   13   0.154   0.743   
arg
    1   0.351   0.656   3.962
    2  -0.548  -0.183  10.000
    3  -1.488  -1.570   0.979
    4   0.871   0.557  -1.624
    5   1.141   0.795  -0.704
    6   1.012   0.845  -0.129
    7  -0.087  -0.127  -0.422
    8  -0.201  -0.245  -0.167
    9  -0.192  -0.146   0.516
   10   0.747   0.747   2.896
   11   1.464   2.311   3.407
   12   2.311   2.110  10.000
   13   0.351   0.656   
cys
    1   1.333   0.081  10.000
    2   0.290   0.048   6.392
    3  -1.050  -1.034   1.602
    4   1.147   0.419  -1.150
    5   0.651   0.454  -0.463
    6   0.651   0.231  -0.620
    7  -0.545  -0.633  -0.620
    8  -0.778  -0.583  -0.607
    9  -0.621  -0.085  -0.190
   10   0.419   0.742   1.314
   11   1.483   1.707   3.799
   12   1.388   1.388  10.000
   13   1.333   0.081   
met
    1   1.597   0.904   4.612
    2  -0.081  -0.081   3.810
    3  -1.606  -1.619   1.508
    4   0.920   0.345  -1.670
    5   1.102   1.412  -0.596
    6   0.866   0.314  -0.061
    7  -0.333  -0.333  -0.424
    8  -0.394  -0.141  -0.141
    9   0.026   0.409   0.227
   10   0.376   0.632   2.712
   11   2.201   1.731   4.612
   12   2.424   2.424   3.810
   13   1.597   0.904   
phe
    1   1.176   0.683   4.570
    2  -0.168  -0.429   5.302 
    3  -1.321  -1.367   1.798
    4   0.807   0.697  -1.398
    5   0.830   0.984  -0.738
    6   0.676   0.425  -0.342
    7  -0.526  -0.568  -0.623
    8  -0.674  -0.501  -0.225
    9  -0.211   0.198   0.038
   10   0.904   0.904   1.626
   11   1.929   1.858   5.302
   12   2.488   2.958  10.000
   13   1.176   0.683   
tyr
    1   0.574   0.457  10.000
    2  -0.216  -0.541   4.436
    3  -1.056  -1.077   1.491
    4   0.873   0.765  -1.159
    5   0.818   0.517  -0.746
    6   0.270   0.286  -0.470
    7  -0.399  -0.621  -0.541
    8  -0.695  -0.423  -0.588
    9  -0.333   0.138  -0.169
   10   0.334   0.715   1.951
   11   1.721   1.656   3.743
   12   1.790   1.656  10.000
   13   0.574   0.457   
trp
    1   1.170   1.170  10.000
    2  -0.066  -0.340   4.292
    3  -1.347  -1.379   1.007
    4   0.444   0.398  -1.414
    5   0.716   0.444  -0.667
    6   1.409   0.656  -0.146
    7  -0.685  -0.272  -0.683
    8  -0.670  -0.462  -0.293
    9   0.023   0.157   0.124
   10   0.599   0.656   1.882
   11   3.489   1.292   2.798
   12   2.796   2.103  10.000
   13   1.170   1.170   
his
    1   0.741   0.462   3.617
    2  -0.189  -0.507   4.716
    3  -1.105  -1.298   1.407
    4   0.307   0.505  -1.306
    5   0.333   0.975  -0.948
    6   0.505   0.638  -0.603
    7  -0.264  -0.189  -0.319
    8  -0.374  -0.306  -0.017
    9  -0.604  -0.189  -0.071
   10   0.792   0.444   1.892
   11   1.405   1.405   3.279
   12   1.331   1.572  10.000
   13   0.741   0.462   
pro
    1   0.088   0.981   4.646
    2  -0.205   0.362   3.260
    3  -1.233   0.074   0.714
    4   0.855   3.252  -1.297
    5   1.420   3.029  -0.596
    6   1.112   1.028  -0.818
    7  -0.157  -0.213  -1.017
    8  -0.491  -0.737   0.146
    9  -0.587  -1.166   2.567
   10  -0.053  -0.795   4.646
   11   1.643   0.196   4.646
   12   2.241   1.548  10.000
   13   0.088   0.981    
 